-156
84
-426
-320
151
298
12
-260
-478
-520
-275
-190
387
-76
634
248
-330
871
-751
401
-87
521
719
-239
750
23
287
-35
266
-31
649
-127
-508
-598
-183
-406
-423
623
-598
-12
330
-169
524
-106
127
50
-220
-819
-230
4
329
-374
-261
548
199
548
257
129
554
-601
-252
14
-346
396
424
239
17
60
-174
-877
-442
535
10
-256
-212
-712
-591
-69
-593
98
345
363
-392
52
-59
579
-858
580
70
140
236
-180
-736
85
-116
-512
-146
-350
943
580
140
-76
-423
70
-392
-59
199
-512
-426
17
329
-736
-520
-858
-819
-59
-598
548
-736
-275
-593
50
-350
580
-392
580
521
750
363
248
17
287
50
140
-350
-601
580
750
-261
548
943
649
-69
248
199
-442
-183
535
-736
-478
52
-512
84
10
-239
-601
12
-712
236
-252
140
623
-478
-520
257
-406
-76
-736
298
-374
236
140
52
-591
634
14
-261
50
-320
84
345
-330
239
580
10
-180
943
4
248
-260
-146
-591
329
-712
-330
548
-31
-116
-423
387
12
-230
634
-261
129
634
524
-392
140
548
401
-591
-252
-350
-252
151
-146
634
-593
287
-239
-601
424
424
634
52
-478
-478
719
-601
-59
298
-858
-230
401
-392
-174
-819
548
-35
-350
17
-598
-35
-512
-751
-127
248
871
-35
580
-87
-508
-260
424
-260
-76
98
-106
239
-180
-87
-106
-239
345
266
-858
580
140
266
-260
-508
330
535
943
-127
-146
-320
535
-59
548
-220
-183
127
236
363
-442
580
-169
-320
521
127
-442
-320
-12
-116
-478
-877
-12
266
-320
-261
580
-183
-392
329
580
248
248
521
524
-877
-374
396
649
623
345
-406
750
129
4
60
554
287
871
-12
-212
-346
330
-598
-261
4
548
-406
-478
330
-751
257
-320
-392
23
236
548
-256
-426
387
548
580
236
-508
-87
199
524
-256
-230
-260
10
548
-598
-183
535
-512
-59
521
287
14
-230
236
-877
-330
98
-31
266
60
50
-156
23
10
60
17
634
-442
257
127
-598
750
-508
387
524
151
524
-712
239
-127
12
257
871
129
-598
-260
-212
-598
-598
-374
23
-591
363
-260
-87
-183
580
-116
-350
329
-212
-212
363
70
98
-423
199
-261
298
-212
-712
535
750
524
-478
-183
-736
248
70
151
396
363
-174
-260
-598
580
-261
129
396
84
750
-877
580
70
-35
-374
649
623
401
363
-106
70
-76
199
-180
-508
-35
-751
387
396
239
60
-35
84
239
363
-174
287
-87
23
-12
396
129
-593
521
287
-593
298
140
17
-69
-31
-591
-392
257
-260
248
-256
387
298
-261
521
-877
257
579
257
287
17
401
719
-512
363
-190
-256
-736
70
-59
-819
-350
-423
23
649
750
-350
-239
-260
649
-374
-877
199
-426
-127
-35
330
-260
580
-426
548
580
548
554
-819
-169
23
750
424
-116
-256
85
60
-736
199
-508
-275
52
-320
140
-230
-180
-212
-261
-174
-712
-330
-127
-230
-593
-593
-712
-183
-736
329
14
-275
60
-512
-127
-350
85
-183
-31
-252
-598
401
50
248
298
-190
-220
-520
-183
-183
-601
266
298
-736
871
-374
-601
10
-512
-736
-598
-374
-591
-520
239
85
298
535
943
98
-260
-406
-598
401
-59
257
127
85
-346
-819
-174
-180
12
-330
330
-146
-275
-320
-392
-392
634
-751
-31
10
236
10
-87
-190
-12
-69
236
-69
23
634
-12
-239
554
-190
-59
387
266
-180
70
-256
-858
521
-346
-69
70
-751
-877
943
-426
-520
345
521
580
-520
-183
580
548
-512
-156
-212
329
-256
579
579
330
236
634
-156
10
-478
-106
580
719
-423
14
-87
579
548
239
330
98
329
127
-320
871
10
129
-736
-156
-256
236
-442
-116
330
-877
-320
330
548
-220
257
-819
-87
535
-260
-261
871
-87
-212
-346
-252
-712
-35
70
424
85
387
-736
719
-858
-346
12
-256
-508
84
-116
-116
-593
-127
85
10
-180
-346
330
257
-374
-256
-593
140
85
-858
85
-591
-230
239
-69
363
-212
14
-591
649
199
-127
-751
-212
4
-426
871
524
-190
-31
17
85
-106
-736
-601
-591
-212
-858
-442
-512
84
-260
84
623
127
-156
140
129
580
140
-146
-512
329
-31
84
623
14
329
-260
-593
60
-239
199
-127
-819
-591
239
424
-146
-478
649
-392
-127
140
-478
-406
10
424
-127
-736
-601
-146
-252
623
396
521
-156
-712
-35
-736
-598
943
-508
580
-598
4
50
-591
548
-819
-275
-12
-593
-261
-350
84
-346
-35
-35
535
943
-736
579
623
-593
-330
140
579
548
127
-423
719
-156
52
649
548
140
-12
239
266
-712
257
-598
-261
363
-116
-156
554
424
580
12
623
-320
-508
387
60
-593
-442
-116
199
-406
-350
943
-275
52
-374
-260
151
-35
623
-256
-174
401
580
524
-190
-180
524
-31
649
387
-478
-330
236
236
-212
-598
-593
-183
-127
548
535
-190
-751
-520
580
-183
236
623
266
-69
535
-230
199
-423
330
-116
-12
623
-190
52
-252
17
-87
-392
140
-174
871
-508
60
-256
-712
521
943
-712
424
-174
-183
-212
-35
287
239
-230
-261
151
-69
623
140
60
524
634
98
-406
-598
-252
248
129
-230
-508
-877
10
-180
129
750
50
-180
287
401
330
-69
-442
-512
623
-252
-736
-127
-174
-423
-12
-275
