-4500
-6239
-86
-315
3220
-567
1791
1717
3765
2195
265
3575
-5900
-4570
1812
7314
2244
-380
5160
-1103
3428
7277
-216
6894
8618
3148
1372
-443
-1720
-3427
-1452
9139
-2854
5032
2604
1580
-6323
2413
938
7811
-6254
-6108
2568
-3073
892
1139
4957
-3711
-8757
3621
1862
-2887
-710
1665
-8108
-3860
5491
-202
-3583
-5264
-3089
8014
2348
792
-5596
3215
-4443
4247
1254
3911
2649
5562
-1828
3724
-3151
-469
-1583
-1055
8369
-7174
6037
3458
-7471
6462
352
-6445
1149
-44
-6068
3671
-4115
7430
1657
745
3572
-4778
5905
3569
9286
-3062
-4077
4582
-5422
462
1340
-1749
5836
6746
-1740
3783
-703
1065
-4670
-4556
-2415
4467
-1530
7624
-4155
-2641
3287
-3332
4656
-169
-7280
1006
-7128
-4018
-2321
2727
990
-4251
-3883
-4916
-2593
7485
3800
-3602
2359
2617
2720
-5622
2773
7401
-6546
134
-1931
-3767
1356
-4512
5221
-1785
2346
-587
-2258
-3278
-1654
1174
305
-1660
768
-8291
444
7276
-1053
6016
174
15
-418
6893
8113
5162
4575
8218
-4193
803
-6140
-1072
838
-238
6854
-4921
-766
-9437
-5906
-1196
-3399
-1337
-3856
4156
-2890
-931
-2050
-149
3317
3660
5315
5566
7551
862
860
-1963
-400
-1556
5379
4620
-66
4762
665
491
3032
310
8308
816
-8711
-848
2704
189
4964
5033
3620
-5937
3504
5692
-3033
-2387
-6599
-3559
7689
-6169
-2099
-5558
-3960
-4047
-6414
-2200
-3428
-953
1519
5931
3320
-4339
462
1127
-1906
-1457
2369
-9080
9816
-88
6158
-2417
1435
3053
-5007
3990
-2439
345
3553
9405
-261
936
1902
2640
161
-4685
228
-2253
530
348
5621
-7532
2233
6448
-1691
-3611
5144
-4584
7036
-2552
5985
2653
-3904
1524
-9785
-2310
-3335
2343
1185
2788
1710
6415
-5412
-1670
-1789
1271
-457
2677
2697
-3202
-3180
-2458
-8035
1168
8225
-6348
3745
-6918
-8691
4131
-1653
7927
-3292
-589
-1997
840
-863
3925
8293
-2121
2390
-4560
541
-4531
-1247
606
7052
-3077
-2992
-1619
-6914
-3620
-403
4496
-1782
-975
1169
5064
7573
-2099
-4963
-4219
1639
-2648
-3881
3132
-1139
4535
4997
2792
6156
-2497
233
-5625
-971
-6930
976
2826
-1210
-3178
-2869
2995
5861
857
-6146
1245
-3158
4078
-1946
-6999
-1816
-2770
3388
5963
-4907
5398
332
3660
6836
-3399
5091
7236
5365
408
4753
6170
-925
-5024
2382
-49
9174
-975
-2162
-2801
-765
6209
-5975
573
-476
1225
-341
1863
1723
3229
-1933
-5954
-1686
3084
-8761
-4029
-9869
-4205
-3440
-2698
-5630
1565
-6675
2147
3611
2339
-572
-3903
-524
-2695
8286
2228
-6434
-7836
-714
3587
2472
4264
250
5661
-3850
-4908
2899
2965
-3745
-5538
-1813
-1702
-4980
2355
783
577
-8804
7799
2233
-254
-1273
-927
3877
2037
-4627
2586
-2956
3997
-6847
431
-2586
-1429
6870
1616
-1499
-454
-870
-67
1621
971
-2511
4574
-3557
249
-7209
98
476
-3166
-1976
-6779
-2132
4992
4661
5625
1121
-7668
536
6944
-1555
-2549
-7645
-3712
2204
-1478
4683
-7280
5652
4339
5000
-10
-6845
1454
854
4158
-1186
-4585
-5972
-272
6033
4295
-657
5632
7467
416
-674
-1981
618
-1476
4489
-5316
6305
4447
-5327
-516
-1091
2920
-1180
-775
-3396
2321
-401
-6910
62
5723
2663
934
-2239
-2588
601
318
771
5525
5947
-237
-475
-5189
-1087
-753
-2431
-2464
3293
1213
4202
-6701
-8176
1022
-983
-8219
-761
663
-783
222
-3020
1450
1531
6436
3048
2817
1713
9488
-4686
2415
1231
723
7037
-568
-1863
2971
2734
-7811
5192
-8040
-542
4835
566
-5598
-2506
4810
5192
127
4
-721
338
2240
-197
4201
718
-351
5383
-2905
4756
-1131
-950
2588
-2664
-6890
1606
100
-1697
8517
4621
-2532
-3517
-382
-888
7011
-2732
1535
-1618
6133
25
3318
8573
-3180
-8339
-646
6473
-217
-3717
5423
3941
6492
-1427
-5443
-813
1462
1707
3535
-4514
2064
830
379
-2572
-7604
-2303
-83
-2709
-1638
-3027
234
-644
1996
708
1679
2456
8560
6732
-3007
-438
-5218
1177
-1250
-548
-7599
-7243
-519
5091
-972
3250
386
-2832
6461
3816
-6526
-365
-1424
6635
-1189
-1004
-1651
-2902
-589
6426
7152
-5425
-1634
4866
2249
1007
2029
927
-4518
-1238
3035
2390
7741
2450
1213
413
-2320
-7612
4730
-1035
3655
1804
165
4001
3918
4383
-4532
4669
2531
-119
567
1661
-295
76
911
3009
-4930
-7490
-1228
-7243
245
-3817
-4899
22
-3007
1625
-18
897
2351
6966
3298
975
-2909
3429
2138
-6608
-3860
2305
4114
2385
-3669
3774
-3895
356
1675
-2905
-5786
-15
-2668
419
4760
-1825
-5950
5740
-2160
-2869
-5007
-2511
-6579
-4742
-2011
8617
73
-5385
9298
-1554
2858
-2214
-3293
-1153
-7680
1554
-1513
-2962
3406
-629
756
-5627
3402
4728
-5740
446
-1783
-4803
-4750
-558
1787
-1308
-6412
307
5302
1168
4253
5592
1671
-3133
3117
-310
-4090
-2298
276
6363
103
270
1678
-4921
-2989
2224
442
4418
-7369
473
-2591
919
-122
-1206
6775
243
-316
-2582
4109
-1796
-2144
-816
2693
-153
8776
2172
4256
-9696
3371
5134
-2913
-318
-3070
-6425
5188
791
-4623
4383
-5305
-6052
4488
3281
-3473
7571
-3106
710
-288
3851
2165
-4731
-4893
7749
1021
-8089
-6394
3072
6026
-577
-7827
2548
-5301
6072
3872
-2643
6145
-6416
1369
2911
6307
-1084
-6587
-7619
-4760
-5560
-4534
6569
3208
2241
829
4450
-1681
-6893
-5655
481
-793
513
-4201
-2071
8062
-6297
1282
50
1367
-4278
5572
2941
1637
4083
-3284
-6535
3066
3264
-6831
-4106
9262
6035
-3493
-1398
-4928
-3662
5287
183
-3936
7541
441
-139
2256
398
-257
1810
-2689
-3017
-7618
-51
5825
3521
7243
6147
-8374
-4959
8253
2086
872
5861
-5332
-166
-5624
1120
-6049
5505
-4133
2135
481
-7225
-6784
1202
6379
63
-3209
-3754
3811
4829
4129
7551
-6476
2881
2578
-1905
872
-226
-6606
-6151
-5677
296
-7048
1267
6798
-4598
-5675
-5865
5240
2178
-1539
8598
728
1422
527
-3592
4529
-1112
2691
1347
-8404
-1568
513
-2095
7483
5995
-5466
1045
-9169
4583
-1083
2604
5540
6276
4952
151
7822
-1311
3010
4270
-3732
2380
-2224
-4006
2642
2648
-7937
4920
6135
2224
-155
1015
4942
-6992
-4615
-2602
2981
613
1889
-1562
-2776
-5822
-881
5150
6678
1544
-818
1544
-3407
-3342
-3262
-4897
-944
-5530
2334
-3948
9509
4345
4026
-7
3588
3391
6387
-8643
-1262
650
-5196
-575
-2666
4894
-1405
-2299
4045
985
-1252
1519
-4270
908
5815
-4024
-908
9039
3308
-1536
-4353
6161
-2067
-5783
-4105
-1691
923
-703
4490
-3710
-1371
-1683
-2507
2669
-4074
4083
1417
3643
-303
-2137
-6093
-2181
4137
-1165
-662
5026
-2753
5972
953
-77
-4321
3105
-3727
-5891
4267
-6456
-3655
-8608
4958
2720
-4689
4587
1768
8024
3921
-7740
914
-1888
1094
-2510
3015
-5883
-719
-3558
-2223
-4363
-281
7920
-3519
2360
-4568
402
1609
6384
1510
-606
-5427
1319
-5802
4371
-518
5010
-7697
-7611
195
977
-6125
4057
-736
694
2674
38
2969
-1518
5573
2165
5916
-803
3801
-3688
3497
-608
20
-2760
-8982
1474
555
8401
643
963
-5342
5939
-3765
-3595
-21
357
351
-7734
3127
-1498
-1545
3463
482
674
3546
-2026
-1473
1436
-1932
4516
-876
-1616
-422
-231
3689
4998
3846
-6445
-2694
-401
-3406
-5811
3864
-2226
1676
-2050
4743
-5987
6853
-967
261
1825
6080
1232
-3603
-3457
6938
-1572
129
-4803
-4959
-318
3342
5157
4877
-328
419
-338
-3025
-1665
-3614
786
-2746
-1654
-7116
3830
706
915
-1344
1907
-2344
-181
822
6707
-5259
4226
-8974
2130
3627
-1046
-2822
3130
-2375
-3812
5495
2952
1648
2276
-746
-2590
-6098
-2442
-7144
3585
1269
1333
-2391
-3429
-2061
-691
227
1982
1758
-2106
-2426
-5131
3366
-3380
-1538
4974
-3582
-1234
-1628
2997
621
-5730
-4930
4336
2439
-1583
4072
-2637
-1443
-1828
4971
508
-2771
4842
-1940
-7246
1324
-4294
-8053
2988
1356
1710
1677
2392
-5735
-2439
3293
-2254
1085
-5915
-2739
3387
-507
9086
-5547
-6354
-2179
6928
3091
2196
-6055
-3913
-2080
717
-288
2569
-7223
-1347
-6518
3147
5709
3109
-5463
-7686
437
4625
3289
-1435
-3731
-1637
5685
602
2860
-1850
-781
-675
3381
1447
438
-7019
-368
5722
1132
1044
5384
-7748
2682
-5459
-3262
5367
-7725
3095
1087
-48
1935
-427
-925
6969
-5858
1410
-4649
-345
-8
2698
-4624
4685
5347
-668
4011
3374
-1606
-3207
3360
-777
-2932
3930
-2331
3083
-81
7109
-5170
725
-2959
-3534
287
4431
-5755
6923
-305
3004
-2295
-3928
-1632
-5635
3002
8326
4926
2401
-3060
5783
-5783
-2683
1535
-2168
-3148
-7000
-4415
-510
-2978
328
4216
2440
9214
2119
610
-517
-7634
-6354
-5437
1927
4547
7962
4541
-3165
9210
126
3437
-8320
-6415
-1032
1886
3610
-267
6468
-2412
-261
1497
-3440
-6794
1174
-3047
-4527
-5277
-2008
-1940
6710
-2525
7972
-5422
-1332
7722
-2644
3639
-1929
-3694
6320
-539
1446
4035
3555
-2563
-322
1185
-6748
1676
6343
-2401
-7631
432
4190
7965
1533
1330
-3613
1561
-3167
-2350
7043
-2088
8236
4831
-4017
5564
-274
2044
450
861
1297
-6507
3216
-5510
1129
-4176
-1049
-5471
-2001
5674
-5956
1038
-7093
208
-3297
4590
3490
1808
-4026
5726
-806
-2227
1284
5227
6233
-1116
-4963
-905
767
1898
5850
-37
307
3478
-1267
-1104
-5896
3033
-4567
2970
-304
3940
5669
2729
3514
419
2031
-447
-891
-901
-147
-9356
242
-618
2460
-3973
3225
167
491
2964
-1867
-8192
-1618
468
-2997
491
-2963
1565
-3531
-872
-1389
-179
2062
-979
-2666
-2953
4440
-3547
-5255
1843
3172
4344
-3467
3085
119
-3094
-4097
4677
-4591
3322
3575
933
29
-3495
-5713
1932
-2883
-318
-2219
-3948
-675
3545
-3827
-6707
-4381
4182
-2537
-5455
-4770
-3327
-1970
-4988
2366
7254
-1592
1412
2857
-495
-7130
-20
-4071
-192
1870
-4095
4031
6692
4241
-744
-6856
-2796
-2311
-2857
-557
-6608
3149
5505
-287
1957
5819
-5316
-390
312
1361
-1872
-901
-8281
-639
5762
1215
-2435
3051
487
1400
-836
-2866
-5040
1285
1348
2205
2379
-3530
2803
-718
-5814
-340
8931
2902
6195
6738
146
-2326
1266
29
1730
-2984
2881
1533
-454
-3533
-6105
1240
-1722
-735
4828
-118
-5875
-6542
-3465
585
-5142
1741
-7667
2082
-5878
-1024
7841
2673
-3937
1819
-4890
5065
3868
-3217
5805
-5467
-6581
-279
-3055
-6920
7749
-6207
7185
-781
8220
-5366
-1581
436
-1232
4153
4623
-7311
-1259
-1595
-438
6486
2453
-8656
1763
4487
2578
-3084
3108
-109
3131
5724
-4514
3782
-3418
4405
752
-773
3255
3656
1828
-4699
-2369
1702
-6783
-1389
-1420
-6286
-511
3291
7302
-3529
3869
-1188
-3169
1592
-9489
4638
1532
-5690
1424
238
-6909
-6591
4799
-2926
-1129
-2337
-3815
-2290
-5237
352
550
3777
646
4957
5581
1636
894
-897
-2321
1721
777
-1389
-1396
1016
8222
4599
-2472
214
6246
-6365
8064
88
-968
-3386
3818
-4486
-759
-6227
-2395
-188
2080
-3674
3143
-1741
-6324
1350
-4684
535
764
-3546
-8017
2033
2442
-482
-6043
-1738
7321
2784
2367
-5640
-547
-9835
2629
-5474
71
-1494
0
7601
1104
2937
-5552
-214
-5286
-3393
-6127
-1705
-3960
5842
-5065
-6674
-2944
1759
3157
873
1000
2346
2852
787
89
-1043
-1444
5928
-3047
-3117
-388
2800
6055
5628
4283
2363
-7779
4646
3067
1049
1785
1892
4591
-2484
-2304
1057
-1789
3542
2374
6191
2232
-4520
-27
-2028
5716
-2011
-6842
257
6000
2909
-7505
-3107
-97
1046
521
-3160
3380
2312
7516
-1332
-2636
3819
-7191
-1880
-1082
2619
3125
859
-4885
-6259
-1082
2556
1951
6175
524
284
4941
7927
6548
-862
2290
-2237
-887
1788
8068
4358
-2294
2463
-9169
5364
1485
-622
467
419
496
834
2978
2766
-3952
3312
-2229
-1856
480
4764
-1033
-3335
6303
6568
-1716
5147
1244
-6681
-854
-1078
-2897
7255
1417
2484
1297
-3489
-5759
909
-1798
4911
3237
-3466
2102
526
5355
-7536
-868
6391
1191
-3189
1971
-379
501
3090
6624
-1573
-2927
-5606
-6680
-7272
1949
3237
-5258
1277
3072
6999
-4345
-5834
-1413
-4238
677
727
1686
33
3551
-2999
4379
2860
1532
2734
669
7401
5304
1450
2129
1765
5043
1509
-7175
3243
1633
4574
-7570
5634
607
4061
-2476
3780
969
3180
1365
-7068
103
-2603
2611
5358
5785
4549
-456
2489
-2937
718
-5046
-5624
-6751
3216
7442
-5650
-578
-595
-8915
2984
2551
-3227
-5228
946
3384
-7762
-1409
47
-91
-1054
1666
-5112
7290
6075
-2959
-2586
-3895
-3316
-5599
-2700
308
-4147
118
5282
-486
-4221
960
-8
-3279
1845
1104
138
-1180
4105
5601
-2904
-5088
-2417
4508
-4811
3965
-2917
349
-5156
4056
-3490
-1623
-1914
5681
-6852
3185
-1062
-2253
1777
455
4047
-3884
4198
-7044
-4988
5912
-8583
-3377
1416
-352
904
2971
-2948
4354
1895
6898
28
6461
-1673
2456
-507
-3163
471
-4508
776
8658
-7271
1222
202
3279
-690
486
-3692
-7567
4046
2076
-4825
339
-5123
-4826
-3325
-2480
-5752
-6040
-4255
3434
3757
-2652
-1689
4708
-960
-2276
7441
-2402
-1207
-3377
-665
5378
8460
7040
3464
146
-1020
-759
-3309
91
-3828
1203
6866
5849
8166
-1760
-2362
766
5820
-792
-1687
748
4462
777
-7409
-2414
3279
-2996
2655
2535
-4228
-108
-7142
5266
710
4588
2131
4621
-3268
1287
-4633
1595
-4531
-134
-3388
2718
5685
2049
625
5326
3368
2463
7966
-3320
1021
7651
-2628
2429
-4270
1094
-3158
-4014
3932
6448
-1190
-1008
864
7886
-1555
-303
4304
-3256
-392
7150
48
-4400
1361
-5061
-5273
-9465
6968
-1362
-1175
1253
3423
-2257
-1464
1312
68
3142
5659
5517
-6317
1804
7452
-1843
3510
-8367
8342
4260
-68
-5180
4266
-5762
-4890
-1227
6184
-3463
2303
3227
-2967
-250
-2812
3106
1101
-3339
2160
-2030
-2751
4721
4036
-1849
6135
6523
-2256
-5491
-392
9266
2672
1120
2695
2128
-1194
3251
127
3295
3221
1063
5417
876
782
2228
2555
-1297
2332
91
-5118
-565
333
5101
1466
1917
-9079
-1622
-808
3283
3189
-537
-8815
-7445
-4083
4228
-4233
4104
-8753
5526
453
7755
-310
515
-1306
3635
-127
-1718
638
6016
5235
6152
604
634
-4749
5599
752
474
4536
-7025
4889
-2604
2782
-3001
5542
-2345
1840
-2018
5759
-6690
1934
6199
-7655
-3924
-1061
-4352
-1917
-2342
2232
5892
-5796
1459
-2428
8737
1117
-4200
1800
-134
632
-698
-1967
-1551
-1065
876
-6289
4773
-1280
1020
-5028
5432
3374
-3736
6945
-5386
3070
-3548
1735
1621
-2870
7396
-1628
2308
-3696
673
-4966
1618
5562
-2221
2933
241
-2484
-480
2584
-2873
-6345
271
-3754
-6435
724
719
875
6944
3553
-139
3816
3990
-4397
8438
-3101
1404
-1501
-5028
-3361
92
-5891
-6801
-2060
-6571
6078
-6
-2927
8630
7878
3229
-3324
2299
4094
2531
-5621
2866
-6937
-7061
-8596
-5147
-8812
2021
-1221
592
-1298
3438
4321
-2382
6243
2658
-728
2567
-2844
7957
-2460
3753
183
2072
1055
-7130
-973
-2543
1705
8918
2272
570
713
-1912
7221
-3359
2586
1720
6350
3062
-1141
-5782
3701
-3265
8698
-1336
-1792
-5599
-689
7935
-174
2752
-3949
-1114
-3468
-2894
158
-82
1751
-568
-1555
1363
-3400
1161
-5933
644
363
6080
-3387
-2235
-886
7013
-5639
1371
2900
-5516
3211
-9737
-345
-612
-3415
-6209
-792
745
-1268
578
4441
3154
3061
-3818
-443
-4623
1765
2582
5899
7918
-4101
3527
-3696
4715
1989
-3395
833
6130
-913
-6353
4928
2287
-5616
1743
-7425
-1260
-3070
-3333
2936
8552
-3081
-4734
-4024
-3472
1864
-263
-741
-52
-3856
697
3469
2417
-4166
-1396
-2268
3707
3421
-5924
3537
1499
-1083
-2599
-305
-7728
887
-772
1023
6554
5046
-1517
6753
275
-3856
-1939
4259
802
3730
-2279
-6519
-5655
-7920
-5388
-3977
4888
-5112
894
631
2802
2950
-1230
2876
-4129
5896
628
2601
4633
-5295
-2481
3097
-4928
5418
-566
-4900
340
-5530
-2061
617
-950
5578
-5288
1618
-445
-3590
2652
1137
191
-7975
-1129
4671
-567
1626
-1040
2870
634
2440
1601
-3812
-895
153
-1747
-78
-8141
6228
2827
-2098
-3937
-1686
2955
1663
-7139
-315
1156
-5282
2365
334
-1335
-4984
1439
1577
-2509
-2042
854
-4004
6017
-3886
4062
7162
-1335
-186
222
-3383
-4362
-616
-199
3837
-70
1740
-161
-325
1264
1160
-8318
5788
-4993
3402
-2894
-4225
898
-1563
5512
-1109
2790
-296
672
2748
2282
6278
1739
-1301
1654
2207
5073
-3575
3438
160
-1219
-885
-5559
-2367
1217
-2989
2258
93
-8714
1863
-3955
-3294
-33
-1110
-2408
1814
7287
757
-106
1018
873
6706
-1252
-543
2137
-6730
-1532
-1534
2741
906
-420
-2890
-3682
1574
2143
6193
1379
-349
-2763
4064
-1338
5578
-5755
3936
3474
573
2548
-2079
3857
846
-3548
-888
4671
-2491
1893
-3037
914
-6649
2054
4083
6827
-3655
-3079
-2578
1086
1161
7080
-3260
-1050
5918
-1616
-6896
8572
-6678
-827
529
-5552
5750
-3898
2434
2576
5791
-1597
2021
-5780
3891
-6557
-2317
-4464
2240
1577
6823
1489
2117
1062
-8022
-5890
1531
4963
6840
-821
-3894
-4097
4234
550
231
-345
-2206
-2012
-2637
-5374
-415
-1703
-5030
6443
5608
1002
1014
1025
1060
2861
-677
-1920
2737
214
814
-3278
-2579
389
3222
1042
-2181
-6260
-2488
146
-66
-2499
1734
934
163
1202
812
4082
1849
781
2341
479
7846
3489
9355
941
2968
486
-4748
4532
178
-1365
2647
-1229
-3047
-1686
5908
5532
-3601
629
5610
7703
3619
7395
2599
2524
-4877
-7483
1944
546
2771
1235
-2860
6211
-1192
1944
102
2399
6201
-1612
845
7191
2320
-5598
5699
-3370
-6106
2416
-1824
-3329
-7076
1917
-3418
696
2940
694
-3785
-6269
-2040
-2312
-3698
-3568
-5764
-1708
1744
-1446
6433
-2712
4040
-4942
7122
-1938
-5696
2361
2210
2616
1333
4097
-988
-900
6389
-653
-6639
-1591
7545
-3379
-149
-2664
-4909
-4446
-135
-3489
6424
3389
1262
-3808
-8126
5770
-2967
-1100
-2109
5960
-6117
1870
-1651
9363
5852
1127
-3428
-2284
1087
3330
-2475
-892
3362
-1968
-4356
-7323
-3767
3914
-6597
6385
860
-6685
-2500
-7782
5979
2482
5376
1481
-4683
-117
-936
-6129
3672
-5480
2465
972
-5279
-4455
5426
199
6940
-404
618
182
-914
-405
2073
13
760
871
-2308
1641
-3845
2112
-3291
7
3278
2705
-2283
3454
-7748
1611
6448
-8341
9145
-6311
-3607
8149
6189
1384
3517
-1157
6038
-7485
5057
-2307
-3389
-4258
5908
2812
-3362
-2540
2024
-631
-3455
-7285
-2273
-8372
-7500
-6459
-607
-4520
-7482
3762
-436
-1502
-7049
2028
3648
892
-3541
1879
1006
-8482
3642
-195
-7348
2372
-404
5024
-5560
3026
-2210
-7233
-3896
6306
8376
3747
11
2309
-2630
3015
-5627
1954
-2371
3989
-5148
2612
1514
6811
6280
-412
2193
-5029
-3073
1479
-4000
-8086
1955
-2895
4984
36
7853
-1476
1809
449
3230
-7592
-3869
2890
-2785
5800
-6240
3258
-4645
916
6752
1229
-2556
1550
-424
249
196
1789
-1101
6699
4462
-654
2142
-4551
-3853
1562
5324
792
-1679
5592
7321
-244
4450
6740
-7034
3287
361
-4185
-4403
-968
-762
-831
4660
-1465
84
3319
-5849
-2436
-4376
-7240
78
1940
-4424
1739
-526
-7726
7981
-1481
8174
-4338
-5010
-2385
-7443
2637
3284
7189
-826
209
-1491
3959
-8393
-2352
-2441
1900
-1746
-8173
4156
-4368
2767
-5507
1245
-2508
-5260
1604
-136
1801
-2535
-3394
1580
-3011
6699
-476
-7154
-252
-8299
2213
1123
7041
4930
3633
-4105
-2505
9263
-1569
-6952
-2520
315
-37
3519
-2088
3686
1568
285
1851
7316
2469
-4133
2642
4669
1119
-434
-4680
3518
399
-1661
-9288
-6474
4614
4516
3125
-4335
700
1561
-1757
-376
1481
331
1703
-1461
-5682
-2422
-5716
-6379
541
-1423
5869
5524
-629
3781
-772
-1103
-342
2126
2587
3134
-395
-6084
3627
5903
-50
1965
70
8202
708
6238
6140
3758
-2112
-619
-2561
2862
-7195
3591
5279
-4732
-4949
-4020
3239
-6146
6604
6422
34
-3971
-585
-3898
1327
7265
-5670
4499
-579
689
142
-2975
4401
948
-2001
991
188
-654
-4099
5808
1121
2368
6629
6022
-3920
-5193
1963
-9069
-1057
-2759
4228
1021
-9412
-8704
-890
-470
-4278
-3058
8209
2613
-5601
-7379
-2716
-1293
2774
8477
1941
-324
-2381
3910
-5179
-4962
4405
4237
-1248
-4830
3507
-7050
-460
292
5208
-5104
-531
-3509
-5134
4506
334
8532
731
-747
2654
-6169
1780
-3902
971
4546
970
5927
3694
-4400
-5035
-420
2971
6976
-4210
2549
-2275
949
-638
3813
3360
1634
2358
3252
2943
-5097
-2123
-3411
-409
-3130
3203
5948
-660
-1188
-2674
-3705
2578
-3182
-7735
302
-1198
-1416
2467
3338
-1977
-6745
-3105
-2514
-2180
1026
-2213
3301
-130
2736
-511
-1399
-2500
-7070
1341
2391
4956
4450
2496
68
7398
3085
1459
-4174
5700
-2031
2733
-1323
3558
-5306
-7096
-2621
-6517
7295
-819
2613
276
-2461
2800
-5644
4721
-5344
-911
-7128
-8117
1078
2308
2221
-3430
-2277
2308
1598
-6361
5391
-5895
3338
3558
-2785
5610
3196
-7577
2232
1383
-5480
832
-129
2076
5563
-1179
-2500
-3797
-1339
-720
506
3039
-1101
-939
4221
8471
-915
92
1658
-1814
-2449
5003
-5936
4042
3011
-283
2878
-3633
5754
3137
2145
6577
3428
2218
4625
3808
6534
1028
1162
282
32
-6017
-2892
-8421
367
1412
2562
7857
-112
-3960
-3288
-485
373
6262
-4963
5135
6072
6809
-629
446
-4833
-197
5508
-408
4194
616
-5581
7735
4261
-2883
4871
-2357
40
4035
-1073
2034
2654
2313
-3136
2297
8858
1045
45
7558
1758
-164
3856
5043
-3514
6876
-2333
-5971
-9451
-3619
4882
785
-974
2048
-4423
-3288
-5624
4906
-784
722
1924
-3713
-4552
-3999
-1119
-896
2357
-6738
-4543
31
-9739
-53
-4913
-1768
-6325
-2467
4835
-3724
472
129
-4772
-1838
-3385
-9066
1374
-1850
-8160
-5984
2112
-3762
-415
3411
-2133
-365
4217
-2237
-1686
5226
-5176
-1803
-7670
2507
7925
2152
2349
377
8487
-3447
-8760
5938
-6407
3893
-6172
5259
-2211
1033
401
1211
-3724
-1529
-4529
-7442
-3255
2931
399
-649
4983
4714
-4249
-1507
4582
1133
-1821
-4586
-7090
-5034
-4960
-628
2327
-1070
1701
-3653
-4823
-509
2055
8200
1608
-422
-1211
-4529
1992
6738
1596
4099
-3132
7046
-1308
-1466
5307
270
-5171
-5190
-3000
3650
2029
-2079
-3279
2750
-3103
-3025
-3330
-4697
-3845
-1281
-5867
8166
314
-2751
4966
5220
-1108
-2154
4064
-6183
1180
-2689
3924
-6946
-7584
-2227
6836
2633
-6028
-5184
-3484
-2052
272
5587
-1832
-3932
-8028
1883
-2373
1628
-2883
-286
-1406
-687
4998
-654
4865
1748
-249
-2323
3094
-5400
4892
-7750
738
5036
58
-1283
1199
1471
-6810
6318
766
6861
-1792
953
6444
-3297
4763
3530
2748
-1155
1947
7616
-8714
-1582
1061
2519
570
-4374
-2882
-7751
1123
4205
3908
6092
364
2097
549
-3146
1540
4400
8543
-5900
3751
6768
4095
5976
1798
-8004
70
-4593
697
5310
-2908
-7041
-5102
-4908
-2442
2731
2062
1185
-2244
6526
8522
-8267
7484
-2885
4876
-2465
-1358
-5664
-5931
-779
7851
6691
1971
6534
-4309
4069
-3303
3057
-886
-5503
-1935
149
-984
753
-1323
5437
4414
351
-1942
-2444
2003
4977
5442
1428
4025
1162
-2448
-3056
2494
2304
2468
1388
2043
-4904
-3353
553
-5506
2805
-2644
-23
-3230
-2385
2785
379
4715
-220
5922
-5096
2616
-1214
-4249
1203
-2303
-825
7207
-2221
1468
7665
-5271
6329
-3496
-323
-2603
7339
-365
3804
-87
-1570
2241
-1451
3972
441
976
6793
-745
4943
-1881
447
1592
4429
3696
-8545
93
-5817
1150
-6144
2907
6260
700
-295
-2189
5666
-308
-5991
-1731
2064
3693
232
-276
2027
-2876
3619
-3033
1113
-807
1167
-3559
-6154
-7884
2736
-151
82
3839
8033
-2670
-3665
7061
5250
-6100
1354
-606
-815
246
-2276
-937
-7186
2255
-4857
-1179
-565
-380
-2660
1061
-5892
6948
-8332
103
483
-860
-1003
3889
5482
4207
1399
5279
2912
-5246
-2175
2183
-4965
-754
-2234
-1413
-5110
1959
5334
-9029
-7824
3702
-5591
-1619
-670
2188
7039
4050
3746
-2682
-4848
6806
-2679
-6244
-793
-1234
-5453
-2420
8233
4850
3806
3170
-2264
1000
1671
-768
-5214
5453
1193
4029
-3965
2701
842
-5133
-6687
-4228
-6779
-1417
4246
4310
372
-140
-2900
1390
2820
-661
2250
4724
-6324
-1511
1277
-7326
-2063
-6433
-8100
2380
-2315
-1255
6876
-1363
348
-322
-1076
-371
-2549
1274
9780
-7557
6807
7562
-1973
-3394
-5880
-4311
-2200
2057
3319
3484
-1942
-3102
2115
-6732
1897
-4169
2066
-178
4304
-366
4308
-2760
3583
8899
1710
1504
1448
1043
4058
-2102
5721
8025
-610
9308
3740
237
4651
2374
-2093
5732
-2959
445
-6072
1895
-1722
5202
-5793
-118
8846
-1140
-3999
1812
-9383
2464
-1960
677
-2753
-3785
-4654
-5159
-6000
3258
3861
930
-2622
-2877
-4998
1047
4
7166
1976
-3107
-5510
4773
2423
593
2666
6302
1698
7718
2386
-945
519
-2550
6188
-2772
782
663
-2446
-8104
3766
2069
-5983
-5196
-8211
-6243
1833
-18
-3755
-3150
-1802
605
3912
-5329
1002
28
1242
-6373
-2080
5547
-3448
-4147
-6588
7596
216
232
2206
-6395
-149
-851
1830
3821
1544
5875
-1778
-1182
-7266
685
-2970
5358
-7796
3111
625
-1400
3291
-3907
3248
831
1441
2043
6360
578
-1981
-1771
-3277
6139
-1178
6896
134
-3621
-2067
-7602
1045
-6578
-7912
3843
-530
-1079
-7864
-1287
-3097
-4154
477
2964
-151
7768
-4178
1707
4458
-2143
-961
-1765
4033
-4812
-459
-1582
-2381
1098
-2109
3885
-3392
-1502
1508
1343
4241
-2252
-5808
-3179
58
489
160
3117
917
-7495
1354
-1837
-3973
6982
8132
-388
6184
5568
-8078
4081
-2383
-534
996
8286
4048
115
1307
-818
5350
355
4880
3414
-9418
1489
7222
6290
-1761
-3697
6743
-1398
-2520
-2579
-2002
4831
-938
-2362
-4855
-662
2129
-113
-5511
-7259
7833
7570
6130
3210
6056
4255
-8738
-1647
910
-1603
586
-4716
2096
-488
-7216
-227
2938
-1340
3272
-6723
4905
807
3
9252
2312
2279
5451
-1860
-7121
801
1888
-4258
-4240
3680
7148
-6388
-3613
-1219
-888
5235
3673
2730
1547
-1971
6293
-153
2761
314
-2816
-958
-8232
5017
-4068
8525
-3668
-221
2344
-87
-1932
-790
-564
-126
-5717
-2888
-2652
-4464
-8232
-3534
2301
409
4039
799
-2299
2141
1392
-1513
-3068
-4828
-2738
6893
7630
-2669
4265
8911
6630
2237
8406
-6111
3728
664
-2608
-752
2194
751
831
4379
-6076
3865
-2973
5168
-131
-6503
-3960
-976
-4907
2367
1361
-6994
-3873
2180
3651
5046
3994
-5389
4532
2358
-1214
-2566
1143
-5726
213
246
95
-3253
7184
-3980
-1715
7445
-2964
-2397
7894
1695
5600
3289
-1593
-5287
-7572
-6313
6908
5086
8207
-3438
2750
29
-1165
1778
57
6855
-3886
-2542
-1949
1817
-330
424
-7166
399
1176
8318
-4396
-2056
5188
-4230
-844
-2361
1131
2645
-568
2584
237
1786
6546
5996
86
-2640
-888
-4931
1606
3822
-3180
5893
6866
-400
2430
-7981
5255
-2911
-4297
897
-5294
2206
-767
3925
5134
-5431
-2006
-1804
5160
168
-2256
-1091
2370
177
5149
-1628
3698
2262
415
1927
-2481
2749
-2281
163
4968
314
-544
236
-5211
7233
-382
-38
-1620
-4820
-1879
-2445
-2971
-1034
1352
-589
277
1757
-3449
944
-4463
4434
-878
3887
6204
4115
9090
-891
-1996
-1924
-3730
-957
2091
-3034
5096
-3987
-3646
515
4314
-4189
7546
-4205
-1690
-65
1019
-3104
6222
6130
426
3540
8822
-9773
6730
6932
4755
6190
693
451
-1047
3046
8652
3660
3990
5703
-1838
2941
3808
203
4282
-4818
8249
-4439
-804
-796
4439
-481
-3644
-7559
-7201
7511
-510
-3478
3225
-4473
-3468
-315
4444
4208
-6234
-1823
614
-5884
-1456
1379
7181
-4180
-2195
-164
-1038
3759
-1606
-7376
6287
-9425
-7743
691
6340
-2229
2306
-1020
7243
224
-4505
-1396
2613
-248
9102
4765
-5519
-5720
-2701
-3812
-3016
-2302
-421
1509
-2110
822
1546
5505
-3344
2143
6083
-7692
-4079
-2978
4918
-1243
-8811
-1621
5651
-1985
-1424
647
4567
2669
-1207
130
-5722
-5201
-6425
-8483
-914
-3542
1333
-4845
5352
-8054
7951
7249
-5651
-38
-1820
-3369
-870
3270
-142
-2132
-4623
-3618
-1491
-6464
1529
-762
-191
-7065
4309
-4119
-4548
2742
-4722
-5226
-536
-4664
3734
-6358
-6581
-7685
3747
-3280
1891
2859
3373
-6822
3722
-2429
-7679
-3436
-2236
520
3628
6014
-5281
-607
-4069
104
-4932
-4270
-5826
4149
-2637
-1457
758
-3332
-1764
933
5222
1365
-3550
5619
-4322
4327
639
5210
-4627
5907
-976
8565
-936
7352
-2710
-6192
-768
1018
-3172
4836
-6808
3747
1766
-226
-860
58
-7382
-8188
-4875
-291
4297
2514
8953
6438
632
8105
-295
1481
-773
-245
3936
-642
794
-6221
-5318
-2711
2792
9728
1175
2500
4111
2452
7523
-6820
-1952
-2811
3994
4878
-7581
5938
1859
2725
-81
5130
-707
-3026
72
2251
-1643
-412
-4213
3154
-7
2229
-3864
-2249
7888
-99
1359
1655
-7031
1167
-2117
-248
1441
-6046
5442
-34
-952
-5094
2034
2664
4004
-1994
-8557
-468
-3859
6812
99
5556
-3688
837
394
-2027
3661
6054
1816
-6219
-1453
282
-7308
2254
138
-6923
4415
-2614
4773
-3424
1153
3973
-7297
413
-8575
6859
-3312
7716
-4410
-5500
-1822
8255
-1687
341
434
-2992
-4250
859
-1968
-764
-5098
-5858
-3419
2574
1436
-2332
-6320
2266
-4576
1306
-4265
-3085
3482
-2247
-4004
-1412
4518
-1983
4489
4126
-201
-2125
-3003
1691
380
1859
-234
-6454
-9455
-4479
-1
-6222
996
267
1415
-4211
6063
-1759
2780
3431
-2208
-3663
-4258
-3423
-2190
-4062
-4752
3878
1138
-2295
7400
7015
1233
-2901
3915
-9450
-2962
4519
-6101
3101
2699
-1080
-2781
-1018
-3262
5306
-971
2514
-1075
-7154
2637
1310
1337
-1441
-2779
6501
2208
1082
3426
-8367
6026
5705
-1952
-3825
-6911
126
7652
-4882
-745
-184
2158
1410
3490
-7984
-5429
1003
8253
-3445
-3287
-2371
-3313
-2276
2116
-2119
-6143
-7346
1631
-1969
7784
-738
-4324
5642
-1491
3288
3015
-3784
-6059
-864
3523
4823
3099
4375
5783
1224
-6005
3322
-6939
7818
-5342
4609
-2402
-761
2006
-7309
6185
3135
-6613
828
2944
-3433
-994
-757
-3555
-4037
-810
209
5532
-2253
4691
-1528
-1336
-3937
3678
4875
715
794
-103
-4677
5600
5045
-3143
1870
4769
-9897
-1594
150
-2486
-6071
334
-1276
-4876
616
2065
3243
575
8697
2595
5102
8203
701
-558
-3714
1900
-51
-5900
-9536
4665
6477
2608
-4688
-839
-2923
-627
-2369
975
-52
-6038
1544
792
-1540
6496
-1588
2578
7043
2541
-4523
398
1799
5133
-8232
2344
-2550
5325
3089
-1544
-557
-6803
-2577
-4262
2877
-1015
6352
-4246
-7358
-696
-5955
-2594
5737
3348
-6205
871
713
-1678
5494
-7670
-6098
2535
2236
-39
4322
-2370
-1856
-1691
-8766
-5444
7241
-3136
475
5011
-1156
-1605
9034
105
1858
5041
-1431
-2331
3286
798
-1571
0
2543
-5349
4411
-5990
-5525
6214
7686
-4652
3051
-3563
-4484
3369
-2225
2422
-854
-2463
3359
2176
2775
6115
-4136
-5977
-8517
1487
262
8328
-527
-5961
-6695
393
-988
75
-1194
-1629
-2747
2
1190
7568
2971
-1146
2837
-494
1550
-3095
2612
-5094
4825
3258
3529
3087
-100
-1828
3573
8128
-5564
509
-2764
992
-5261
1384
-4908
-4376
-3211
-243
-23
936
-1531
-8342
7018
-2790
-237
-4442
866
645
3320
5774
-519
-8304
2787
1529
2200
2543
5613
7014
-2560
-4346
1684
7905
5822
-379
-2611
7262
2971
672
694
-7153
-274
-4844
99
4081
3437
-191
-1500
1472
1950
-791
1131
-5452
1859
4387
369
3483
294
1194
3559
-2150
-4708
-63
2970
-2077
2638
-2943
4667
-2802
5038
-1523
491
6825
-1210
-362
-9124
918
-5923
399
-2335
-2540
1272
-1726
-874
-1853
49
-4321
-7153
-4807
-2961
2823
2330
-4431
6301
-6486
1459
1904
1512
-521
780
1423
-6908
-621
-1456
1568
-1987
6610
8002
2449
-3778
1137
-4044
-2388
3206
7558
1210
-1939
-832
3865
4603
-3062
212
-144
-594
-1248
-7637
2255
-4191
-3653
4421
-6219
2478
-5588
-2474
5839
-2907
8185
2224
-3003
-2557
2025
2417
-6806
-2014
1805
8885
-2898
-6444
2732
3851
-2521
-3696
-5326
225
2906
4798
-282
2708
1922
-1557
732
-1956
-3057
-69
5947
521
605
-860
-5826
81
-1749
3039
-3446
-4552
-382
5182
1469
-1324
592
5825
-1469
3467
-1154
610
3650
-6209
4671
-534
2294
2288
5033
2939
7860
-4190
-3132
-2978
-6520
5783
2579
456
1730
4247
-3407
4240
-5021
1240
-1882
2443
-1245
701
-5256
401
-6983
6455
327
-6461
6892
-6674
-4046
377
465
1830
3840
-2741
4215
789
-488
-1666
981
-3437
-5416
-156
-3633
-970
-1419
4989
3192
483
-4152
-1751
-669
6103
-5082
8
-1666
442
2876
-3011
180
2860
-8260
458
-7876
-820
873
-7207
1311
600
-2387
1238
2106
-2893
2430
-2915
-1262
-1767
-503
-573
-686
3364
-2435
-1577
7790
6507
-1373
-5457
-7397
-2178
-2114
-847
4729
-1419
-569
-7013
2525
2185
-2787
-483
1083
243
-1221
-244
1777
-2902
-1346
716
8231
8045
-4384
-4639
-7891
9304
-1944
537
1969
2825
-8142
7684
-3690
2678
76
3425
3785
468
3387
-3958
706
5462
2581
2954
1946
-5440
958
771
-2907
5492
2803
889
3693
3568
4522
-3767
-6190
3481
-740
-3704
-6794
5702
3428
-2920
2415
-3259
3529
-4535
5559
3445
849
-8041
-5997
-3445
-1658
-1779
3282
2269
-8005
2789
-5276
-1835
3576
2409
-1941
8655
5567
-845
2501
-8219
-4227
894
8005
-2892
520
2808
-6197
7158
-294
535
2525
-4361
5917
-645
3155
1178
-771
-5810
-4732
-1787
-2843
-1718
2139
6427
-775
-427
-6977
5155
-5385
2041
6092
3227
-4760
4681
6498
1445
765
7839
4348
-845
1789
-3605
2852
-5063
-2650
2689
7194
770
781
5212
1457
2480
-6556
6265
-1832
8
4578
1781
-593
-3468
2371
3041
-6916
-2114
9088
576
4202
-5765
179
-419
6483
1327
-5477
-5831
8630
4608
-1871
1409
-2966
1102
3841
388
20
7020
-4406
4387
1012
984
-2010
-3221
-1772
9248
1714
-4707
680
2731
-3703
2671
-4409
2835
5945
4337
-200
-6142
1439
-962
-7449
1625
3437
-1826
-772
-766
1765
2114
-200
1014
4442
-2036
-7454
4513
-1275
1290
-5620
1582
-6149
3769
590
-3240
351
3472
-3948
-1149
-1375
5411
-1492
261
-2463
-503
5133
3747
-7414
-5240
6809
-994
3963
-537
-1747
-981
-5628
-377
-4111
-2459
-5726
1554
5705
3595
120
1962
5894
4552
794
46
-8232
-1003
6919
-97
3224
-6983
5369
-7392
-921
2275
-5979
-6636
1117
3893
4802
-5245
-231
5209
-1705
2299
-7273
-4154
-5124
3445
4217
-4209
4461
2213
-65
724
4896
-4585
-3557
1594
-880
4606
-1317
-1074
7105
-2190
-6879
1952
-8914
-3314
3696
-5167
-3886
3729
3521
-1607
-60
782
7743
5184
1727
-3878
-4157
-75
-1722
-5852
2696
2327
3392
6748
1491
8254
-783
7459
2818
-2584
-5839
2947
-7766
2867
4650
-3797
1699
-668
2777
-8301
1883
4360
-3055
7242
5282
8935
-3586
2
2027
-2504
-551
4159
-3962
1796
363
-1233
-909
-2139
-5068
7645
-9495
997
1017
3687
-6024
-1426
-8348
-3375
7204
7016
-1376
8238
6527
-3879
386
-88
-615
-3989
4088
3790
7770
-917
-1125
-5553
-1175
-1423
333
4131
-77
-2519
310
-4836
-5282
185
4477
-6423
8298
-557
1387
-4513
-705
-844
9014
5557
-6299
1614
3273
-2060
-739
1087
-1361
-4887
201
1047
2946
4635
-2920
-1522
4188
-7782
3196
5449
-4915
-3843
562
-7791
-1752
1710
1441
-219
440
416
-2797
812
556
-1190
509
-3499
-5991
4105
-2346
-3762
1352
1992
-2238
1901
-137
-336
2838
166
2829
7055
5757
1091
7091
-6723
4957
2895
13
-2390
5510
-5079
-141
-19
-2439
-2868
-504
4077
3554
1815
194
1077
-272
4248
-2935
-2950
8848
-4801
-866
3535
3210
-2220
-6276
-9579
4922
-2160
-1361
-7094
-420
948
2332
-691
-1890
52
4648
5110
-2984
-151
4456
-788
-1099
-2573
-8528
3389
3553
-276
-8430
656
5991
4789
-6
3302
-1314
-91
-2403
2713
2905
5733
-3456
-6826
-1607
549
2131
-2929
1908
4914
-5653
5288
3698
3608
995
3471
1974
-406
3505
5063
-2018
3013
-4981
5239
-782
-7409
1204
-5384
1265
7200
2101
980
-3142
-560
-5260
-3626
5061
5411
-2158
-6205
11
2949
3187
-4863
1967
-3371
-863
8256
-454
-3734
-841
7831
3352
-6631
5602
-7166
-164
-2705
-1530
-3692
-488
1502
-6987
4587
1887
-4391
-548
3
-739
5808
3735
2331
-1753
-7459
921
6580
-335
-64
4277
4616
-191
-1479
-2118
1053
733
7370
2678
1347
5937
-3447
2652
-3226
2534
-1729
-496
2552
-887
-275
5161
2366
-870
-1925
-583
-1726
4974
-854
-1032
-2901
2018
-4782
-2707
1355
-4536
3661
1047
-6355
2456
1917
-2044
-1762
-734
-1089
-4175
-270
1881
9329
6782
2316
-3834
1634
3383
-6956
-2601
633
264
-1546
3859
480
1305
5510
-5000
-3214
-1018
-6086
1098
398
-4048
-8707
8189
1040
1775
-7591
-3456
-9478
-723
6018
-367
2724
-3124
1215
-2122
-2672
7515
-1144
1948
-2846
7182
3125
-1290
-912
1752
-3805
5671
506
1599
3281
2248
-3971
2127
-2618
2463
-406
-3795
-3601
7548
-1350
2777
-3607
2293
-990
-1204
-9870
428
-774
7351
-5461
-2855
1499
6378
-3908
7168
7746
4198
1262
6297
3760
1403
-8662
53
-9151
1943
951
-426
1982
-7740
7513
-699
3312
2497
-1190
574
653
-3978
-4737
-1884
-1778
1826
1562
-6025
-2464
-778
7375
-971
-665
471
1541
7087
4360
2797
3776
-5415
1865
661
-4896
-1694
-3891
-488
-1118
-1176
638
-1177
-3703
-5017
-5414
2394
-5448
4266
-5187
6308
-3286
-5534
3091
3094
3597
-971
-809
-3561
-4841
4023
397
-6873
-2379
3787
-2861
5369
9522
-7415
6328
-1947
-8460
-1853
-656
-3578
3021
-3675
5637
-1687
-6041
-5741
5069
4529
-7093
3329
-196
-704
399
-83
-2400
5186
-3393
-4676
2350
-2509
3130
1180
6762
-4847
2532
-7815
941
-6282
-5868
1576
6118
42
4107
-2316
2688
-3649
-361
-6296
-6591
4451
-1359
-3319
-800
-2754
1850
335
-701
-7750
1159
-6163
-7999
-1757
1491
4006
-1646
-2523
963
1706
491
-1558
-6124
2318
2914
-1678
-870
-1393
4876
2829
6760
3791
3588
-698
-8061
-4228
-2275
-2557
3026
4639
256
1584
5628
5975
-2892
2084
551
-6714
1210
-8250
7216
241
-2014
7179
447
-4420
-2030
9188
1809
-2265
-944
-5693
-3747
-6032
8074
-5664
3339
1342
3823
8720
-769
-2703
333
-368
8028
-5979
2844
-6460
-5598
4757
-3497
686
1843
4647
4686
4202
-3051
1871
4168
1908
-187
-2059
287
-1803
-907
4740
4068
-2847
-1010
-3610
-4305
-749
2432
-3275
-304
6022
4106
2454
5505
-2438
70
3907
752
-8146
-7896
-2133
-1820
5998
-1718
-864
-4022
-3666
489
1130
-5571
3534
-2465
1311
-2992
-4927
-3145
-4225
696
-1081
-2877
2570
2035
2285
3754
9373
-6707
-2713
2152
1038
-355
7897
-383
-3272
-720
-509
3402
2540
-1430
-1975
-6933
-39
-2547
3574
-4732
2488
-7386
6036
3286
5072
957
3832
-6576
2402
3220
-6530
3806
4671
2677
7415
-4608
-7098
-4019
-3250
-2647
-1975
-733
5028
-7756
-7803
-454
2873
-6089
2189
2892
401
-5698
-4280
-1599
6216
733
6643
2776
21
7481
-1718
-46
467
5430
2222
281
6048
5597
2926
-1323
575
7510
5316
-1287
1386
5961
3725
4693
-822
-5990
-2765
3004
-7362
-4566
-1338
2817
-1649
4523
-7195
6683
-7827
-3727
-6259
-1968
-1285
8570
-1287
-344
-727
-1658
4306
2275
-2203
71
3622
-4597
418
2776
1577
-1328
-2100
8131
-7168
3963
-349
-7032
-7665
780
-1369
-6953
7127
-1912
-1785
-6697
28
3372
-516
3293
-2370
574
-4551
70
154
6220
-4646
6390
3982
-6301
-39
2017
-1255
2281
-2368
1351
-5037
-611
2724
103
-5354
2373
1383
964
-3497
-1504
-183
-3087
-6712
5076
-3896
-6865
-2337
2437
-5597
1248
1450
-9051
-2148
71
5890
-4836
-6742
-6728
-6232
-5705
-3129
-4426
766
-1630
-1860
-5225
7975
-131
-372
-665
5222
-4397
939
-133
-145
-3183
6991
6707
1233
835
1834
5232
1120
-248
900
1661
1502
-1750
-1298
-4566
-888
5860
6646
8619
1129
-1541
-7773
177
8069
-4417
3801
-3322
-4526
3454
-93
-3646
-1341
-7127
2069
-1868
-935
789
7576
-1526
5263
3897
2770
481
-25
-1760
1830
644
1165
5355
-913
-719
1309
1788
598
3871
1500
1100
-357
4951
-4478
-1922
2709
6216
2299
6030
-3480
7396
-2771
1079
1890
-5217
-2509
1046
-6502
869
1423
-1347
-7145
-249
904
-1467
-2824
-3668
-259
-4237
554
-2102
3622
-379
3061
-5139
900
8044
-3637
-6743
6242
3721
-1968
1737
4222
826
-3901
2935
2465
-2973
3991
2440
-3952
-1425
-7579
-347
1354
-1502
-5510
384
3542
2651
-1616
-4656
7039
2665
5687
1016
2180
-793
1582
-3279
2992
656
-6602
-3178
1476
1124
-3294
402
1320
3676
-1222
3291
-2460
2597
4832
1091
3715
-1766
4952
6639
-4960
-828
5296
6175
4101
4437
31
5328
-5394
-442
8973
-343
280
-3304
3103
-6444
1900
-1743
5053
3586
146
6545
-557
5191
-1674
3178
-838
-6021
227
-1261
-838
6909
-4446
-3970
2359
-4147
-5192
-497
-548
-2171
-1647
4883
-142
-8100
-2022
1406
5233
5970
-4567
-1351
8847
-5515
-1425
-5021
2402
-3436
-2259
863
3363
5226
-2931
637
-2377
2448
-2989
1414
-6371
-5420
-1668
2206
-1373
1681
-1962
791
-1226
-7222
2673
3984
-2500
-4138
-2519
4450
-993
-5980
-837
-8973
4563
1297
-449
-234
7104
331
-4770
-9921
8244
2493
-3324
1016
585
-3444
-8543
-3598
-1574
5042
8621
-5522
-6215
1129
2948
-1755
6695
4134
1381
464
480
2475
2968
3914
2100
-2054
3847
-2505
6883
-6950
-2688
-8524
-651
-2399
5891
-4150
1786
-7614
-204
2010
5334
8843
-3445
-2249
4930
-179
7835
-6679
6872
1541
-626
4257
6
722
-724
-2658
-1355
625
-8453
-6651
-1867
3535
709
134
787
2141
2644
1093
1240
2683
5921
824
6772
-1542
-998
1627
3361
4015
-5950
3750
2134
-7215
3371
818
5113
-545
-1117
-3716
6671
1552
1053
-1292
153
-8141
-5786
770
4543
9652
2061
-5100
-5619
-8891
341
1539
-4538
1981
-586
-545
-3569
486
-1304
1436
2156
-8661
-3580
4087
-1702
-2784
-6094
1652
7265
3969
8860
-622
-5706
-5829
-1554
2413
797
-5228
-72
2242
-7300
7445
3412
10
-5014
3320
-254
3743
1907
2933
2361
-3831
3312
3374
6558
-5145
-61
-6377
882
-193
2735
-96
2770
606
-3414
4573
-5305
424
263
104
-5743
2001
1940
-5454
-2367
-3454
-4557
825
-687
-2316
-4176
-102
-1269
1546
-2306
-5533
-1936
6302
1489
-3474
-291
588
-5851
1555
-213
-2812
-1706
7414
4177
-4659
-982
1734
1454
-3322
1755
-6373
-4090
-183
167
-5719
4965
-6172
6621
-1621
-4210
-445
4346
3507
6237
-4179
-1174
-2927
-6297
-370
148
1069
5705
6650
1583
2409
7584
2018
215
777
-190
2742
-4530
923
204
538
-3799
1660
-5235
2987
-152
-4112
2056
-4669
4310
807
-968
-461
-6625
5140
-7118
-383
593
2504
3012
-7000
1596
240
471
-5951
-2720
-5363
-91
6274
5301
-7195
5082
-424
-1412
-7840
-3914
232
3468
6764
3345
-3964
5645
2342
-2300
3256
1422
-1960
638
3618
-9174
8361
6280
-2138
-7989
-2490
-6604
92
-3855
2898
3543
769
-3841
-4319
2092
-4606
3026
2702
-5521
-2640
-652
-868
1353
4499
2752
-1790
3918
-5157
4410
3950
4020
-5151
1029
2788
3273
1817
-6168
-1989
-3819
7148
6046
3867
-1060
512
1173
-1905
1783
-1675
2397
-1208
2072
3611
-3623
5871
1251
517
825
5031
-342
-4109
5654
1223
8356
242
798
2292
-9003
-2100
-4509
5832
-3489
3444
3032
-2798
3071
-3022
-109
2403
-6469
1902
8176
-994
954
4858
2328
829
-1032
-2056
-3637
-3844
-6508
250
-5193
-6542
7667
5071
7876
-2866
4043
3823
3255
896
-390
4347
1664
-1057
-3496
-1587
334
167
-1244
519
2443
1031
-1711
-3934
-9279
5572
-5806
-6822
-1003
2990
1043
-770
-2557
-5233
-4520
3805
-616
-7438
-4419
757
-4706
-473
4951
-7789
-944
4334
1237
2386
6272
-3004
67
4845
-6595
7277
-3407
8028
-1515
571
-1071
-3084
6946
-6264
6637
-672
3697
6445
-300
-1416
7549
-1796
2830
554
2253
-160
-5004
2360
4731
223
7472
1222
-1879
-2633
2043
-741
-4808
613
6009
4373
1406
3135
-9281
37
-2371
-4515
-6100
-7457
3378
6673
5278
-795
-2693
-1288
991
2735
3403
6396
-3530
1595
-3042
-779
-4381
-2581
-2623
-4491
-944
-1264
8038
-4590
-976
-6900
3383
2371
1619
5666
6130
-3410
-5005
-436
-592
-2492
-3981
-750
-4598
-4681
6843
1784
-7092
2576
-7684
-1344
-839
-2791
7983
288
2436
2801
-2323
4060
5565
768
-1196
-27
2882
-6511
8350
-7506
947
-1363
1352
-7622
3816
-3538
-4926
-3934
-2501
-3781
-539
1400
6620
-7736
-1113
-767
-3427
-4840
846
-1030
-1676
849
4934
5666
-4240
4562
-268
4314
2709
-5577
376
-4420
593
-485
-4380
-1558
-2509
-6924
3905
-7033
-97
311
3420
5975
-2013
-2339
239
2643
-377
6401
2767
-4966
-3115
8607
878
1337
3154
5814
342
5404
-1878
-2602
3759
-3057
-4223
-312
3859
-842
4999
5833
5807
-5509
149
2158
-9279
3180
-2177
4347
-5135
-3766
3896
9151
7379
-4388
447
-9443
-1265
6225
-6625
-5297
2898
-2614
-4345
-8510
-154
734
-4124
3875
888
-2073
-310
1335
-1682
-984
589
-861
-592
1193
-2230
6893
6829
655
9525
816
5585
2933
3176
5010
694
2111
-3747
-2206
3712
616
1296
-4762
4330
5741
2537
3176
-4443
-190
-1347
-5572
-971
1437
5223
-809
-6002
1904
-5811
3278
-3886
6055
-4983
2258
-3682
-1743
5257
1491
-3001
2914
8178
0
-7747
-1980
-1182
-375
-7311
6319
-172
-6213
1176
5998
7736
5636
574
1188
958
-2621
-7845
-706
4138
-4395
-2142
6273
3744
6978
-2841
1483
3724
-2436
-1678
-6414
5502
-1058
6707
2126
3883
-2971
-4744
-5611
4408
1521
519
1494
-1187
-2953
3105
-507
-4482
-151
-5626
5488
862
1215
-269
2302
7214
2960
334
-5032
5037
-1299
-613
1965
4379
771
291
-119
4489
-2687
-3044
3128
-2974
2740
621
2842
-1294
4282
1327
6088
-2915
4894
247
281
-3629
1564
11
2181
4214
7973
2736
-5842
3217
-4862
2907
-1153
1727
1130
8672
4449
6638
4087
-2815
494
4718
8161
1858
-4727
-2204
158
-3589
1417
-8320
-3891
-5903
-8947
818
-841
2244
1172
-5773
412
-2776
5528
7012
4087
568
4775
-575
4777
-2970
232
-606
-4323
-6494
-2977
8490
3429
2716
-6330
-1093
173
2402
130
6415
-3351
573
-1859
-2610
628
304
-4721
-5111
-3889
8834
-3130
-6487
5192
5649
-6242
-82
647
1737
-4624
-3253
-6776
305
2159
2218
-2572
750
-5047
764
2470
8127
-4107
-1695
-1519
1290
-3291
4542
-1063
4285
-5622
-4313
6591
-853
-1135
2581
7576
3269
1873
4193
3705
-688
-803
986
-2294
6136
-5971
-2677
5299
4419
6260
-1843
3469
-5833
633
-2303
-2602
1157
57
1137
-2568
5669
-5491
-5984
-5707
-9691
-4207
2773
-5596
1815
5067
625
-3963
-2054
194
7081
-3883
1947
4342
7128
866
1289
5466
43
-7309
2799
1264
-7538
-2033
4499
-1268
-2970
8494
-6798
1497
-1612
2297
1735
-718
-8033
5179
9640
2760
-1159
6826
-856
-7792
-7055
-489
2183
-912
5538
-8334
1835
-812
1650
-1236
14
1460
-3768
-3702
3868
8320
-4927
931
4775
1138
-5348
-5565
-1628
-5339
-2189
-5402
4237
3738
-4264
-3520
1295
2887
-2246
2382
-2655
2705
-2573
-3976
6151
4766
884
-1376
-2294
4665
216
-136
-5543
1551
-330
-2105
-2403
1900
-5147
35
-4251
-519
-2920
2766
-1680
-3293
-996
-812
803
4684
2395
-1496
2203
-8042
6041
-4769
-971
-3922
-644
-7809
2985
-5943
-8930
-886
710
-4346
3179
-3345
1280
2334
-2582
-3756
-543
4054
2433
6273
6646
2266
-5082
3055
640
-2952
850
6967
93
2291
-3785
-1186
-7609
6442
2601
1612
6154
-723
-5157
2858
-3559
-7852
1534
-899
-6084
1664
1115
-1106
1530
-8897
-6051
-7179
-892
3069
-6218
5438
2257
-8642
3568
-2145
-521
-2093
-2166
6404
1771
-3363
1389
-276
-5755
2833
-3814
2048
-4967
-996
-669
2235
-1340
4684
5100
-3949
-1729
-5025
-4581
-5209
1216
-1727
-5738
1790
-2785
3576
-2183
5162
705
5661
8665
-1734
-6329
2050
-4541
-1209
-6034
-3191
-889
-2371
-1284
3863
2113
-7955
2230
1647
-4275
6554
2222
-775
5390
4044
-4443
-21
6319
-5318
806
-7481
2022
4163
6227
1256
-4126
-1849
-3072
1551
3602
-4784
-642
-6687
1931
3962
3072
1601
5261
-1350
3586
-119
6543
-3948
7683
642
1228
-6498
-3058
1409
4009
470
-897
-3146
-1543
5608
9222
-1105
-2236
-666
4186
-8519
7889
5460
-5870
-2733
3453
-3683
2679
2221
4281
-1629
1183
2798
-501
1437
6483
-5711
-4245
1899
-4765
-1439
7481
5579
966
-1696
-106
-4294
-1909
-1549
-995
-4317
1949
945
1503
-2747
6043
7798
3345
9155
-4522
1635
-3362
8083
1560
126
-1956
-1175
972
4827
2077
-4145
6658
-5624
5600
-4550
1049
2774
5401
1588
837
-2867
4723
-2243
4204
3815
-2370
-1905
4456
817
4979
-4033
-4231
3768
-2547
-3596
7821
69
2370
2565
-6981
-210
-1436
-3421
-2253
4356
-4208
-9214
-438
388
-5398
-2007
2087
393
1554
61
991
7034
-4016
3718
2108
-5900
5675
1576
-1240
5084
1339
2540
-4143
4735
403
3654
-6687
-4962
1063
-843
2068
1833
1198
-1821
-5014
5786
3159
-5544
-771
2895
-916
-4444
1173
-3036
-7579
881
9679
-6344
1020
-6098
-9357
-1141
-2187
-2492
-224
3936
1302
785
1624
-1843
2329
6337
1119
2417
-3487
4853
7470
-7155
-861
-8977
-5472
-4059
8578
-865
-948
-3192
6776
-4433
-2700
-3651
4597
3092
-2104
-1647
4472
2107
-8916
6826
-1531
3890
-2737
7195
-6850
6658
5583
953
-2140
1857
859
-3195
6403
-4684
-2686
-1786
-4005
1655
-2109
-5559
-330
1030
4580
-5055
-2762
1808
1894
2147
1778
-5463
270
439
-1388
-2244
4360
-5048
3077
4685
2005
-3426
2664
7466
-605
6433
4898
4124
2565
3517
-7729
179
2268
-6990
-471
2718
-4989
-4137
-4608
2933
-1170
3649
-2700
3462
-2543
-8423
6786
-293
-3732
-6637
1146
6231
-1670
544
2943
-5340
144
-708
2694
6015
3789
7757
3743
-1013
2282
-309
-2549
-582
-7527
-2842
-2235
8301
107
-7250
7994
-8410
1175
-5180
-633
-5026
513
-2935
-8539
-3103
3625
7962
-3
2005
-248
-1121
511
-4681
-797
4219
-3986
8477
4162
1259
6764
7191
-6000
-1790
-1770
-2389
-2446
7263
-1541
6724
-2975
1959
-5124
4261
-7821
-1375
221
5058
-7982
-1535
286
-7012
-6866
-4303
-5456
5999
-2875
-1619
1465
1827
1616
3423
-4989
798
-9327
4034
-3291
896
4919
4391
-1895
-3289
667
-5361
-4659
-4092
-5582
-3954
5356
-1197
2120
893
6169
-619
6053
2477
2663
-4801
-766
616
-9398
-2245
-1902
-1634
-8859
5833
5163
-424
2523
-7608
6059
-754
7017
-5318
-4429
667
1215
3221
3772
-3538
-5802
-4052
1537
-434
-5392
-5000
-2521
-7842
5512
1104
-4088
-1337
975
-5209
3921
-958
1677
-1186
-3979
1593
5932
4527
3648
4859
201
-3979
6708
3839
-6385
-3180
-8171
373
-4395
-1368
7072
1574
1886
-1383
644
1499
5742
-761
-1072
3829
3823
-4622
1693
-640
-6345
39
-1826
4745
1719
-6927
-8229
2072
3194
1034
-3192
2201
1291
-7438
469
-160
3785
-3688
-5634
4095
4714
420
-6557
3252
2634
-2404
-7676
1658
5317
3781
-1025
-2586
7947
5581
9432
2249
-935
4149
3182
2616
-5031
-4871
8122
1854
5773
-686
3993
6933
499
-2273
3126
-3602
2361
-757
6402
-5366
-5175
-3622
8913
2083
2294
2962
-4848
-3417
-162
1750
4379
-2899
2817
-3245
-2091
-3065
-6664
-3123
1807
-4863
-6389
4701
3380
-1883
2983
-1834
1110
-6941
4396
3165
-3652
29
4060
2969
3927
573
-2060
490
-5765
-2102
-5656
1847
4707
4654
982
-3246
-299
-946
2303
4512
-3808
-6048
5391
-2765
-563
4830
-2667
-1698
-8136
-2479
-4298
-1251
3858
-1657
-120
-217
1466
8040
4438
-3810
4545
-3861
-1465
-5845
2717
-4146
44
6019
-1154
5589
-598
-1651
4749
-1408
3168
-2702
-2327
-5227
-2027
-2414
1981
3405
1060
-6204
5178
-145
-84
-3553
-2663
212
-7850
-392
-6549
796
-532
8242
-2077
-1828
-8617
-1425
5134
1061
-995
-5546
1764
-7849
-6190
2504
1057
-5116
-1149
-6000
-5088
212
-1044
1378
3152
640
-6449
-1538
206
-2519
3169
-640
-6819
-4636
451
-6300
1885
-7127
-2203
-3370
-7519
4723
-2851
810
-835
-3009
4125
3504
7412
3814
-6929
7009
2671
-927
-6503
-496
126
1186
4290
-127
-1357
4465
-5527
428
-2046
5922
7273
5666
-2066
-4241
5945
-754
1706
372
2747
90
-2056
751
2815
-3122
-5240
2512
4692
-7067
-1680
8653
-4766
988
-1810
-1284
1859
-3524
472
-6844
-1266
-5371
5591
4052
3067
632
1659
1557
1114
3421
-2374
4821
-8860
2377
2319
-316
-7719
2512
-4545
-1159
4973
-216
-1677
5832
314
-744
730
-7895
-5033
469
-923
-3676
-2209
5235
-191
-8047
-6806
-928
-7239
-3964
-1948
-2930
177
-1087
2363
-4066
525
-1349
8009
2640
1971
499
7592
7950
-6885
2715
5159
7358
1907
-3845
6954
4934
9673
-23
3870
-1481
1385
-5412
2028
-6375
1784
-1935
51
-2122
-3889
-8535
-121
-5284
-5651
-150
-9265
-107
-2611
2524
2009
2954
8418
7653
4885
-2411
-4465
3896
1629
-6893
-5837
-4251
4986
-1896
4995
2587
-106
57
2201
4987
4129
-5893
-3296
-3439
-800
-3602
1329
-2168
3154
317
-209
5987
-2822
-6025
-2380
151
4068
-2647
2459
-812
-3348
1285
3052
-2308
3359
1714
-3500
1246
-3754
-6020
-1965
-5917
4463
7686
-1561
2209
7628
-4307
-6704
5563
-1340
-4852
-3901
1937
1848
-4548
-7448
-7294
2567
-1923
293
-878
-4231
-6757
3906
-6145
4284
842
1251
569
-2106
2322
-3136
-1300
-2785
825
-5249
-3128
-1824
1933
2168
-24
-3606
5653
-2095
-1461
-1488
2627
291
-5123
-5875
-7717
4902
3842
-1966
2870
-5089
-1356
-1774
4941
2087
2652
4338
6097
-5227
-5626
-2553
539
5065
-5527
-203
998
2016
-2238
-821
-1831
-338
-5205
-2471
-3436
-3691
-2097
-841
8759
-3837
-2181
5938
4809
-2459
-3972
-49
232
-1576
-4238
944
-2671
-2188
960
-1769
-3969
2049
-1198
-7443
-3231
-1915
-3687
-3847
1493
-1792
-5261
-9371
2046
-1690
2385
-315
-8644
-4753
5768
2399
3373
3580
-37
-1788
-2060
-3879
7291
-18
-882
580
-7401
6772
6851
2140
-174
1393
-1143
-6665
5578
-2145
3129
3372
1004
975
-1581
-6972
-1026
-3183
4498
4368
-268
2357
-5932
-7594
-1418
5756
-3408
280
1055
-719
5512
8096
-1248
-993
3548
1026
1054
1454
-2859
-1489
5335
951
5412
3061
-2955
1308
651
1571
-2903
-3737
-2088
1964
-2033
-210
2938
3679
506
-7414
7616
3020
-2470
-4587
6662
2690
-121
3578
-2949
-2437
-1994
1769
8833
31
-9903
2564
3291
-752
6701
-6948
5642
2577
446
983
7205
-74
3446
-361
-4709
744
1812
-5654
3228
-479
461
-5780
-4558
1226
-1914
1049
1663
-1873
-4207
2631
6437
2427
-472
-1073
-1791
-5752
-6295
-349
1184
-5435
-4474
1743
2643
-6279
-6286
5059
2572
-1821
2391
-2793
1741
-3658
-111
-487
-1770
8201
-5685
-7450
1555
1146
2352
458
2437
8479
3324
352
-6344
-8397
-3334
7554
-882
1311
2030
-1374
-1929
1877
1460
6780
-2126
3644
-6540
6767
2302
5143
330
2829
6407
-1560
-3128
-4910
4234
8182
1357
1735
3442
-1331
4824
2671
5991
2635
1665
6100
1955
-7325
-6075
2980
-826
-1613
3269
-377
3367
2177
-3132
5396
-6176
5154
-8108
-983
-5675
1920
-304
2545
6146
2246
1239
4653
3794
-180
1967
2859
-176
-1474
927
889
789
9068
3125
-1295
-929
4852
-3853
646
-6944
-1791
4877
6410
1512
1014
2374
29
5762
3470
8
3588
-6717
994
3859
5000
-3411
3280
-6565
-6356
2338
8819
-4942
3608
88
3727
-7527
-3857
448
5009
3846
-695
-6504
4196
-3635
6021
-992
-9138
4255
2740
4337
-1084
2098
2432
957
842
-700
4239
-3577
-3994
-952
5884
800
-2458
2762
-1803
-5244
1305
90
-6053
-3867
-2522
866
-1924
-8285
4389
-9875
3196
-4398
-802
-3055
3104
-1640
-6051
-3511
1912
3582
-8494
-6509
4898
3119
-3702
-3167
3870
578
-3732
-978
1367
4520
-2959
3330
-8675
-1086
1380
7809
-230
-4648
-3268
-5200
-5313
4279
-1788
-4302
1614
4276
-645
2289
7310
-1733
7778
-1416
-4598
-5011
-4854
-4447
2518
-2850
3418
-7690
5650
219
3127
-4366
-4212
748
-8084
559
271
-412
5717
2516
9156
-7491
-3155
-3941
-6316
1282
-4819
-6
3007
2619
-2164
-1856
-800
-2787
-1741
2779
-3778
-1985
-8127
-1469
2666
-1717
1096
2477
-2559
-4690
5239
-5249
8587
3901
2307
-1033
-3047
2517
7589
38
-332
762
-2399
-1857
954
-5388
880
-1622
8354
5065
195
-4359
3348
-3304
-1786
-428
-284
5895
3324
1768
1574
-1431
7262
5976
-827
4789
8039
-2083
-5343
-6201
1400
-5117
-1891
-3477
-295
-2363
-4137
4073
-398
-6060
-2565
5223
-2950
-850
-7276
516
-1031
-1311
-1918
1641
-2428
3250
886
2857
369
4394
-5573
-5865
3054
2501
-3529
7720
6506
2181
4509
-3984
7259
7962
3741
-4056
2479
-405
4322
-2211
3608
-368
-5532
534
4899
-4556
4228
1124
-4359
-3201
-1440
5484
3190
1009
-8915
-1270
-5968
-2967
1696
6455
-6879
-6768
4166
-443
-7161
7848
-3637
1616
1053
217
-1895
-4755
1760
4712
2553
1981
-6272
8797
7405
-5191
-527
7047
-3094
9114
4798
5472
7927
-4123
-1472
-2677
-4918
-3707
-1968
-7274
-2729
-1861
-4799
1135
1130
7475
2168
-3413
8236
-891
-1374
7834
337
-1663
-2601
2619
-3840
-37
-2946
-3337
370
3788
193
6152
610
-3613
-2480
-5948
-263
4946
-293
-6533
6824
8548
-6015
-2193
-1517
-921
-7250
1982
-6130
-3893
-1393
-1732
-4572
1793
-2162
508
-2725
-1794
2619
4243
-338
-8444
-2268
871
-2674
2547
1899
-5122
2164
1757
2281
-1732
-6380
-2297
-7560
-8081
-6287
-2961
-1782
-25
-6668
-3909
-2064
4243
-105
2686
-875
5408
-5047
-5270
301
-7687
828
7163
675
-2812
3967
-1852
-1817
-2898
-2678
-6544
805
6115
-1453
-534
3804
-455
-5820
-6442
-7805
-6064
-4736
-2484
517
1422
1606
-5476
3935
-5642
-2629
-200
-2685
-4265
1635
-1329
-45
-2375
3894
6609
-366
-2945
-1890
-1207
-2790
7279
-298
-1649
323
390
-1906
-1885
-231
1250
7317
-4028
75
-492
1789
8159
5618
1192
1981
-2649
1574
3618
-7477
-7706
-5394
1769
5021
-2795
-1138
-851
4081
-4361
-136
1343
-119
-768
-370
-6227
-6597
1109
-5788
9148
2024
-4269
2340
-1747
-154
-2494
518
-4208
5489
383
-8287
3419
533
3805
-7109
-2249
1062
-3146
-5134
-758
7239
-5842
2661
-4562
-1038
-4196
-4613
366
-3318
-3034
-2619
-5123
3578
3664
-80
-543
2251
2984
3679
4241
-6836
8855
320
195
645
2313
761
1428
-4330
-7132
-1920
144
1548
-2027
3436
-8608
-179
-1335
-8318
-1793
2446
8158
6724
4397
-170
-1395
6136
-1661
-6661
-5226
2234
-3706
5539
-171
2350
-2583
-1059
-3203
-6854
-4420
4024
6652
3767
6753
-2013
4230
571
-6275
-7641
-4178
1975
2965
2668
-613
-2691
-5199
2920
-2965
-6694
2467
-1463
-4436
-913
2545
-4777
9122
-2854
508
-7731
1831
-1919
-2443
-2677
2978
6339
362
1320
4377
5903
6352
1696
-7495
-174
-1195
5252
4997
2420
1908
-1075
4293
-6749
1684
-4888
-4764
-2
-6254
-4922
45
-7361
625
787
-5279
402
3472
-5626
898
-3813
4951
1689
5665
-4075
-5378
-7021
874
-5045
1137
4221
-2302
-1806
5525
540
6044
8982
-3625
7660
-1879
-8661
7839
349
575
2606
4418
4385
2673
-2667
-2711
2393
4221
-4485
-770
1327
2551
-3855
-256
1912
4314
4575
-2618
5067
-2
8049
2292
3423
3255
5988
566
6026
4225
-3044
4142
3373
-4583
5666
-896
2268
4395
-6212
985
1022
5333
-546
-364
4505
2693
-3573
6228
5008
6901
-3791
-1510
-1749
7858
1958
2092
5551
6087
-2574
-9251
4753
-1006
548
-5756
-6031
-2148
687
5716
6342
6032
-1481
2356
2231
-3188
2801
458
2863
3233
2314
-5981
-1971
-1822
457
4662
638
615
1982
3953
-4784
-3862
-4647
5474
-3539
-4272
1192
-3542
-6230
1114
1923
3711
8331
-2095
1380
-65
3277
4018
5943
3767
319
-4711
1550
1024
3547
-1113
335
-2317
-3288
5044
-3254
-2672
7284
2896
-2610
-1938
-5650
-6016
370
1277
4941
-815
-328
3637
1503
-892
-5220
-747
-3926
-666
4250
2490
-4708
-2004
-5126
-6337
39
-669
4214
-2188
-4337
1462
-7282
3779
1043
-1373
7395
3561
6165
-775
-6990
4894
1938
4592
-2120
-3340
1105
3221
-4953
-3919
-6276
-6725
1401
4632
-436
-1182
6092
293
9481
1075
-310
-599
-1422
-6086
-1015
8694
-2940
7829
6402
-2534
6220
1281
4268
-3322
6948
-3773
-4563
3418
4114
3598
8092
-6036
-6676
4908
3496
-1131
-4157
5806
-1512
1469
-911
-2486
-1882
3730
-3984
-6204
5647
1119
-6262
530
887
-1372
7814
3559
-271
1734
-2032
553
-1427
-3855
-5842
6029
428
4416
3691
-6693
-1675
-6978
-2024
-9184
-5643
