9945
9789
9755
9729
9680
9610
9596
9579
9514
9506
9495
9459
9458
9446
9445
9438
9426
9420
9399
9397
9383
9379
9373
9361
9359
9326
9314
9308
9286
9280
9265
9256
9251
9250
9245
9224
9207
9185
9168
9163
9159
9157
9151
9139
9125
9121
9119
9110
9089
9068
9058
9056
9037
9026
9017
9013
9008
9003
8997
8995
8981
8979
8974
8961
8961
8952
8950
8936
8932
8932
8929
8929
8919
8914
8891
8887
8882
8877
8871
8870
8868
8865
8858
8843
8842
8835
8834
8818
8809
8800
8775
8756
8756
8754
8734
8721
8718
8715
8714
8710
8698
8688
8672
8652
8646
8631
8628
8627
8608
8604
8603
8585
8566
8563
8560
8555
8554
8549
8548
8547
8547
8546
8542
8539
8538
8533
8515
8511
8491
8489
8476
8468
8446
8438
8437
8436
8423
8419
8414
8413
8409
8404
8402
8389
8388
8388
8388
8383
8382
8382
8378
8370
8367
8364
8354
8352
8350
8310
8307
8304
8300
8293
8292
8288
8282
8280
8277
8271
8271
8267
8246
8228
8224
8220
8215
8212
8212
8209
8201
8200
8199
8189
8179
8175
8174
8166
8160
8144
8142
8141
8139
8138
8136
8128
8126
8121
8116
8113
8107
8101
8099
8099
8089
8081
8076
8074
8056
8052
8044
8041
8040
8033
8017
8013
8009
8008
8003
7991
7990
7989
7989
7986
7983
7980
7976
7971
7966
7965
7963
7956
7952
7947
7943
7943
7932
7928
7927
7918
7917
7914
7913
7908
7906
7905
7905
7900
7897
7896
7890
7886
7883
7872
7870
7868
7867
7854
7852
7850
7836
7836
7831
7829
7828
7827
7825
7824
7823
7819
7818
7809
7804
7798
7795
7794
7790
7788
7775
7770
7768
7767
7764
7759
7739
7731
7731
7725
7724
7723
7715
7713
7695
7687
7684
7684
7681
7679
7679
7673
7667
7665
7663
7651
7650
7645
7642
7638
7633
7633
7629
7624
7623
7622
7617
7616
7615
7615
7613
7606
7605
7601
7580
7576
7573
7568
7566
7564
7555
7549
7543
7535
7533
7524
7519
7513
7511
7508
7506
7505
7505
7503
7499
7495
7493
7482
7480
7475
7473
7468
7466
7466
7465
7463
7462
7459
7457
7448
7445
7435
7435
7435
7433
7432
7429
7427
7423
7420
7420
7419
7419
7418
7415
7413
7409
7408
7408
7408
7406
7403
7400
7399
7399
7397
7387
7380
7378
7376
7372
7370
7365
7363
7361
7361
7355
7354
7350
7350
7349
7346
7342
7326
7325
7319
7315
7309
7308
7308
7298
7293
7275
7271
7271
7270
7259
7258
7257
7246
7242
7241
7240
7236
7233
7229
7216
7215
7214
7210
7207
7205
7204
7203
7192
7185
7181
7175
7164
7158
7158
7155
7153
7147
7147
7142
7140
7139
7138
7137
7137
7136
7119
7115
7113
7101
7100
7097
7096
7095
7094
7088
7086
7084
7082
7079
7077
7074
7071
7071
7067
7067
7063
7060
7059
7055
7053
7053
7052
7051
7051
7048
7045
7045
7043
7041
7040
7029
7026
7026
7019
7017
7014
7006
7004
6998
6998
6998
6997
6994
6986
6984
6981
6975
6975
6970
6966
6965
6965
6964
6955
6953
6953
6952
6948
6945
6933
6926
6924
6922
6916
6916
6915
6913
6904
6903
6899
6893
6892
6891
6889
6888
6887
6887
6881
6879
6878
6877
6874
6873
6871
6862
6853
6850
6845
6842
6836
6835
6829
6826
6819
6818
6818
6818
6814
6811
6810
6799
6799
6796
6796
6796
6796
6794
6789
6778
6777
6775
6774
6771
6769
6763
6761
6761
6760
6758
6754
6751
6749
6734
6732
6729
6722
6718
6716
6714
6713
6712
6708
6707
6706
6703
6702
6702
6701
6700
6699
6697
6695
6693
6683
6678
6677
6675
6673
6673
6672
6666
6664
6663
6662
6658
6655
6651
6646
6645
6640
6638
6636
6630
6620
6612
6607
6604
6603
6602
6600
6598
6593
6589
6586
6580
6577
6577
6565
6564
6564
6560
6552
6548
6546
6545
6544
6541
6540
6527
6525
6525
6524
6518
6518
6518
6509
6508
6506
6503
6501
6500
6499
6498
6496
6492
6485
6484
6479
6479
6476
6465
6457
6457
6453
6452
6451
6449
6448
6448
6448
6445
6444
6443
6442
6441
6434
6433
6432
6428
6424
6416
6415
6414
6407
6405
6402
6389
6388
6386
6386
6384
6383
6383
6381
6374
6373
6368
6364
6352
6351
6348
6347
6344
6343
6342
6341
6339
6337
6335
6334
6334
6334
6334
6331
6328
6320
6314
6310
6296
6294
6293
6289
6289
6284
6284
6281
6279
6277
6274
6274
6270
6266
6266
6262
6261
6261
6254
6251
6249
6249
6248
6243
6237
6237
6236
6229
6229
6228
6223
6222
6219
6206
6203
6201
6196
6191
6189
6188
6186
6184
6183
6183
6173
6171
6169
6166
6162
6158
6158
6155
6155
6153
6151
6149
6146
6141
6138
6137
6135
6133
6127
6126
6120
6116
6111
6110
6109
6109
6108
6107
6104
6102
6100
6099
6098
6094
6092
6092
6090
6085
6083
6081
6077
6073
6071
6067
6065
6063
6063
6060
6059
6055
6047
6044
6043
6041
6039
6038
6037
6036
6034
6033
6028
6025
6023
6022
6017
6008
6004
6000
5999
5998
5997
5996
5996
5995
5994
5992
5991
5983
5976
5976
5972
5971
5968
5967
5963
5960
5960
5954
5952
5949
5948
5944
5941
5940
5939
5935
5933
5931
5929
5927
5925
5924
5922
5921
5917
5916
5916
5916
5915
5913
5913
5911
5908
5905
5904
5881
5879
5875
5875
5872
5866
5865
5862
5860
5856
5854
5854
5853
5853
5852
5851
5846
5844
5844
5841
5839
5837
5829
5823
5821
5819
5818
5813
5811
5808
5808
5804
5803
5801
5798
5795
5795
5793
5781
5777
5777
5775
5767
5761
5752
5750
5749
5745
5743
5742
5738
5737
5733
5722
5719
5717
5717
5717
5709
5703
5701
5695
5689
5688
5686
5683
5681
5681
5679
5679
5671
5664
5663
5662
5662
5662
5661
5657
5656
5652
5650
5650
5649
5648
5647
5646
5643
5639
5638
5636
5635
5635
5633
5627
5623
5623
5621
5621
5616
5612
5612
5612
5612
5612
5610
5609
5609
5608
5606
5604
5602
5601
5591
5590
5581
5580
5578
5576
5575
5574
5574
5573
5573
5572
5571
5571
5570
5567
5565
5558
5552
5550
5550
5548
5540
5538
5537
5537
5536
5531
5528
5528
5527
5527
5525
5518
5514
5505
5505
5504
5504
5502
5497
5495
5491
5489
5489
5485
5485
5483
5478
5476
5475
5473
5473
5469
5466
5464
5458
5451
5449
5446
5432
5432
5429
5428
5428
5427
5424
5420
5419
5417
5417
5416
5415
5411
5409
5409
5408
5406
5403
5401
5396
5395
5395
5391
5391
5390
5388
5386
5386
5385
5385
5384
5383
5378
5374
5373
5371
5370
5362
5359
5359
5358
5357
5356
5349
5347
5345
5341
5341
5341
5340
5337
5333
5332
5330
5329
5327
5326
5325
5325
5318
5317
5312
5309
5307
5306
5305
5300
5300
5297
5296
5293
5293
5293
5289
5286
5284
5284
5275
5267
5264
5262
5261
5261
5260
5258
5256
5256
5256
5255
5253
5248
5247
5246
5245
5244
5243
5238
5235
5234
5233
5230
5229
5227
5226
5226
5225
5223
5223
5222
5219
5216
5214
5210
5210
5208
5208
5207
5206
5201
5200
5195
5191
5191
5189
5187
5184
5183
5180
5179
5177
5176
5171
5167
5166
5164
5158
5158
5155
5151
5149
5148
5147
5141
5141
5137
5137
5136
5133
5125
5124
5122
5122
5117
5114
5111
5110
5108
5107
5105
5103
5103
5097
5094
5092
5090
5089
5086
5086
5085
5085
5085
5079
5079
5077
5076
5075
5072
5069
5065
5062
5056
5056
5055
5055
5053
5053
5050
5050
5048
5048
5046
5045
5043
5041
5037
5034
5033
5031
5031
5029
5028
5025
5024
5023
5019
5016
5014
5014
5011
5011
5011
5007
5006
5006
5002
4998
4997
4997
4997
4997
4995
4994
4992
4992
4991
4991
4990
4987
4987
4986
4983
4983
4980
4978
4976
4975
4973
4972
4967
4966
4965
4963
4958
4955
4950
4950
4948
4944
4943
4943
4941
4941
4940
4938
4937
4933
4932
4932
4930
4929
4919
4919
4916
4916
4915
4911
4905
4903
4900
4900
4898
4897
4897
4892
4892
4891
4891
4891
4890
4884
4882
4881
4881
4881
4874
4872
4864
4860
4856
4854
4854
4850
4848
4847
4843
4840
4835
4833
4833
4830
4828
4824
4821
4818
4817
4817
4816
4815
4815
4814
4810
4810
4809
4809
4802
4796
4795
4794
4789
4785
4784
4784
4780
4778
4778
4776
4769
4769
4766
4762
4762
4761
4756
4755
4755
4753
4753
4746
4745
4743
4741
4741
4740
4740
4736
4736
4733
4730
4730
4730
4728
4727
4725
4724
4721
4716
4714
4714
4710
4709
4707
4706
4700
4699
4697
4697
4694
4693
4692
4691
4689
4688
4683
4682
4680
4678
4676
4674
4674
4672
4669
4668
4667
4667
4663
4662
4662
4659
4656
4649
4649
4647
4645
4642
4641
4639
4639
4637
4636
4635
4633
4630
4630
4629
4625
4625
4625
4621
4619
4617
4616
4615
4611
4606
4605
4604
4601
4600
4599
4597
4592
4592
4592
4586
4586
4582
4581
4581
4580
4580
4579
4579
4578
4578
4577
4574
4572
4569
4567
4567
4567
4566
4566
4563
4563
4561
4557
4555
4554
4553
4553
4552
4552
4551
4551
4551
4548
4548
4548
4547
4547
4546
4544
4544
4544
4543
4543
4539
4537
4534
4531
4529
4528
4527
4524
4524
4522
4522
4521
4519
4518
4514
4514
4513
4512
4510
4508
4506
4506
4506
4502
4501
4499
4497
4496
4494
4487
4485
4484
4483
4482
4480
4475
4475
4474
4472
4472
4471
4466
4465
4464
4462
4461
4459
4459
4459
4457
4456
4451
4448
4447
4446
4445
4442
4439
4434
4434
4431
4431
4426
4424
4422
4420
4418
4417
4417
4416
4416
4415
4414
4414
4412
4408
4407
4405
4404
4401
4394
4386
4380
4380
4379
4378
4374
4373
4373
4371
4369
4368
4368
4364
4362
4359
4359
4356
4356
4355
4353
4348
4347
4346
4343
4343
4341
4339
4336
4335
4334
4331
4330
4330
4327
4326
4326
4324
4322
4321
4320
4317
4316
4315
4308
4306
4302
4302
4301
4298
4290
4287
4287
4285
4283
4281
4281
4280
4279
4279
4278
4272
4270
4269
4267
4263
4262
4262
4262
4261
4260
4259
4257
4251
4250
4244
4242
4241
4240
4240
4239
4238
4237
4235
4235
4233
4233
4233
4233
4232
4231
4228
4228
4227
4227
4227
4226
4226
4222
4222
4217
4217
4214
4213
4213
4209
4208
4208
4208
4205
4205
4202
4201
4196
4191
4188
4187
4185
4185
4182
4177
4175
4173
4173
4173
4171
4168
4166
4160
4158
4157
4155
4155
4151
4145
4142
4141
4140
4138
4137
4135
4134
4133
4131
4129
4128
4127
4126
4125
4122
4119
4117
4115
4115
4115
4113
4112
4112
4111
4107
4105
4105
4103
4103
4103
4102
4102
4097
4096
4096
4095
4091
4090
4090
4090
4087
4087
4087
4086
4085
4085
4083
4079
4078
4075
4068
4068
4067
4067
4066
4064
4059
4058
4058
4055
4053
4051
4050
4049
4049
4048
4045
4045
4044
4044
4043
4043
4041
4040
4037
4036
4035
4035
4033
4033
4032
4031
4027
4024
4022
4021
4020
4018
4018
4018
4017
4015
4014
4013
4013
4012
4012
4008
4008
4007
4006
4005
4004
4004
4003
4001
3999
3997
3995
3994
3993
3991
3991
3990
3989
3989
3982
3979
3978
3978
3975
3974
3973
3972
3971
3970
3963
3961
3959
3959
3959
3958
3957
3954
3949
3948
3947
3947
3946
3945
3944
3941
3939
3937
3937
3936
3936
3933
3932
3932
3930
3930
3927
3925
3919
3917
3915
3915
3915
3913
3909
3905
3904
3902
3902
3902
3902
3900
3898
3895
3895
3891
3890
3890
3888
3885
3885
3882
3876
3876
3874
3874
3870
3868
3868
3868
3864
3863
3862
3856
3855
3854
3848
3845
3845
3840
3839
3834
3833
3830
3828
3826
3822
3822
3822
3821
3821
3820
3819
3815
3815
3814
3814
3813
3809
3808
3807
3805
3800
3798
3797
3797
3797
3795
3791
3790
3789
3788
3785
3781
3779
3776
3774
3774
3774
3772
3771
3769
3768
3765
3764
3764
3761
3760
3759
3757
3756
3754
3754
3752
3750
3744
3742
3740
3739
3739
3738
3737
3736
3736
3735
3735
3732
3731
3730
3728
3726
3724
3722
3721
3719
3715
3715
3713
3712
3712
3712
3711
3705
3703
3702
3697
3689
3686
3684
3683
3683
3683
3682
3681
3679
3675
3675
3673
3672
3671
3671
3668
3666
3665
3665
3664
3664
3663
3662
3662
3661
3659
3657
3656
3653
3652
3651
3650
3650
3649
3644
3640
3638
3635
3634
3634
3634
3633
3632
3631
3630
3624
3623
3621
3620
3619
3617
3616
3613
3610
3610
3609
3609
3608
3608
3607
3607
3607
3607
3606
3604
3602
3600
3597
3597
3596
3596
3596
3594
3588
3586
3584
3580
3575
3570
3569
3569
3568
3563
3563
3563
3562
3558
3557
3553
3553
3550
3549
3549
3547
3545
3545
3542
3541
3540
3539
3537
3537
3534
3532
3530
3528
3528
3527
3526
3526
3523
3522
3520
3518
3517
3513
3513
3512
3511
3508
3506
3504
3502
3501
3498
3497
3496
3496
3494
3494
3491
3491
3491
3489
3487
3480
3479
3479
3478
3476
3476
3476
3475
3475
3473
3473
3473
3472
3472
3472
3472
3470
3468
3466
3465
3464
3463
3459
3459
3455
3454
3453
3453
3451
3450
3447
3447
3440
3440
3440
3437
3436
3435
3433
3433
3433
3431
3431
3429
3428
3428
3425
3424
3424
3423
3421
3420
3419
3417
3415
3414
3406
3405
3405
3405
3405
3403
3400
3399
3398
3396
3393
3393
3392
3392
3390
3389
3387
3387
3386
3384
3382
3379
3375
3375
3374
3374
3374
3373
3369
3369
3368
3366
3366
3364
3364
3363
3359
3359
3357
3357
3349
3349
3349
3348
3347
3344
3344
3344
3339
3337
3334
3333
3333
3333
3333
3332
3331
3325
3323
3321
3321
3321
3320
3320
3317
3316
3313
3312
3308
3307
3307
3307
3306
3305
3303
3300
3300
3297
3296
3295
3292
3289
3287
3287
3286
3286
3283
3273
3272
3271
3269
3267
3264
3264
3263
3262
3261
3260
3259
3257
3256
3255
3254
3254
3250
3245
3244
3242
3239
3238
3236
3236
3230
3229
3228
3228
3227
3226
3225
3225
3225
3224
3224
3224
3224
3220
3220
3219
3217
3215
3213
3209
3208
3205
3204
3202
3201
3199
3198
3197
3195
3193
3193
3192
3189
3189
3188
3186
3184
3184
3183
3183
3181
3181
3181
3180
3179
3179
3178
3177
3177
3177
3176
3175
3175
3174
3172
3171
3170
3169
3168
3168
3167
3166
3164
3162
3160
3159
3156
3155
3153
3150
3148
3147
3146
3145
3143
3138
3134
3134
3133
3130
3128
3127
3126
3125
3125
3124
3124
3121
3121
3120
3120
3118
3117
3114
3114
3113
3112
3112
3111
3109
3107
3106
3105
3103
3099
3098
3095
3094
3091
3090
3086
3086
3084
3082
3079
3078
3076
3076
3076
3075
3075
3074
3073
3072
3069
3066
3065
3063
3060
3060
3060
3059
3058
3055
3052
3051
3049
3047
3046
3046
3044
3043
3043
3041
3038
3036
3035
3034
3034
3033
3032
3031
3031
3030
3030
3030
3028
3028
3026
3025
3024
3022
3021
3020
3014
3013
3012
3010
3010
3009
3007
3005
3003
3002
3001
2997
2997
2995
2994
2993
2991
2990
2988
2987
2987
2987
2985
2982
2982
2981
2981
2980
2980
2980
2978
2977
2974
2974
2974
2973
2971
2971
2970
2969
2969
2968
2958
2958
2957
2957
2956
2956
2955
2953
2951
2950
2947
2944
2939
2937
2936
2933
2930
2930
2930
2929
2929
2929
2923
2923
2923
2922
2921
2921
2920
2920
2919
2918
2918
2910
2910
2909
2908
2907
2906
2905
2904
2904
2903
2900
2897
2897
2896
2896
2895
2894
2893
2892
2892
2890
2890
2889
2889
2885
2884
2881
2881
2880
2880
2880
2878
2878
2877
2876
2875
2871
2871
2870
2869
2868
2866
2866
2865
2865
2865
2863
2863
2863
2857
2857
2855
2854
2853
2853
2852
2852
2851
2850
2848
2846
2846
2846
2845
2845
2845
2844
2843
2842
2842
2842
2841
2838
2838
2836
2836
2834
2833
2833
2832
2831
2828
2823
2823
2821
2821
2819
2817
2817
2816
2814
2814
2814
2813
2810
2810
2808
2807
2807
2806
2806
2804
2804
2804
2803
2799
2796
2794
2794
2793
2790
2790
2786
2785
2783
2781
2781
2780
2780
2780
2775
2775
2773
2772
2767
2767
2766
2766
2763
2763
2760
2755
2752
2752
2749
2747
2745
2742
2742
2741
2740
2738
2737
2736
2736
2735
2734
2733
2732
2731
2731
2731
2731
2730
2729
2728
2728
2726
2725
2725
2725
2724
2723
2721
2721
2721
2721
2720
2720
2719
2718
2715
2715
2712
2712
2712
2711
2711
2708
2707
2707
2705
2703
2701
2699
2696
2696
2695
2695
2692
2692
2689
2689
2687
2686
2682
2682
2681
2680
2677
2676
2676
2675
2672
2672
2670
2669
2667
2664
2664
2662
2662
2661
2661
2659
2657
2655
2653
2652
2650
2650
2649
2647
2646
2645
2643
2642
2640
2639
2638
2637
2637
2637
2636
2634
2633
2631
2630
2630
2630
2629
2629
2629
2629
2629
2628
2628
2627
2627
2626
2623
2621
2621
2620
2620
2616
2616
2615
2614
2613
2612
2611
2611
2611
2610
2610
2608
2606
2605
2602
2599
2599
2597
2596
2596
2594
2593
2590
2589
2589
2584
2583
2580
2580
2580
2579
2577
2576
2575
2571
2568
2566
2565
2565
2564
2563
2562
2561
2559
2554
2553
2550
2547
2546
2545
2545
2544
2544
2542
2541
2537
2536
2535
2533
2533
2531
2531
2529
2528
2527
2527
2527
2527
2525
2524
2520
2517
2515
2513
2512
2511
2508
2507
2506
2505
2505
2504
2502
2499
2495
2495
2494
2492
2488
2488
2485
2478
2477
2475
2474
2474
2473
2470
2470
2467
2463
2463
2461
2460
2455
2450
2449
2447
2447
2445
2441
2440
2438
2437
2435
2435
2433
2432
2429
2427
2424
2423
2423
2420
2420
2417
2413
2413
2411
2411
2410
2408
2407
2406
2404
2403
2403
2402
2402
2402
2402
2402
2397
2397
2393
2391
2388
2386
2385
2384
2383
2382
2382
2382
2377
2377
2376
2376
2374
2372
2371
2371
2370
2369
2369
2369
2362
2362
2360
2357
2356
2355
2353
2352
2351
2351
2347
2346
2344
2342
2341
2339
2338
2337
2337
2336
2335
2335
2334
2334
2333
2333
2332
2330
2328
2324
2323
2322
2321
2320
2317
2313
2311
2310
2306
2305
2305
2304
2303
2302
2300
2299
2298
2297
2294
2291
2291
2290
2288
2287
2287
2287
2285
2285
2285
2284
2282
2280
2280
2278
2278
2277
2276
2276
2274
2271
2269
2267
2267
2266
2266
2266
2266
2264
2263
2263
2261
2261
2261
2260
2256
2255
2254
2253
2253
2250
2250
2250
2246
2246
2245
2243
2238
2237
2234
2233
2231
2229
2229
2228
2228
2225
2223
2222
2218
2218
2217
2216
2215
2214
2213
2212
2211
2211
2211
2210
2209
2207
2206
2204
2202
2202
2202
2200
2198
2196
2189
2184
2183
2182
2181
2179
2177
2176
2176
2175
2175
2175
2174
2174
2172
2160
2159
2157
2157
2155
2153
2149
2147
2146
2145
2144
2144
2143
2143
2142
2137
2136
2135
2135
2133
2129
2128
2127
2126
2123
2123
2122
2122
2121
2120
2120
2119
2115
2112
2110
2109
2108
2106
2105
2105
2102
2101
2101
2101
2100
2096
2096
2095
2093
2092
2090
2087
2086
2086
2084
2082
2082
2081
2080
2079
2078
2078
2078
2077
2076
2075
2072
2072
2069
2067
2066
2065
2064
2063
2063
2063
2062
2061
2061
2061
2058
2057
2056
2055
2055
2055
2054
2052
2050
2050
2048
2046
2045
2039
2039
2037
2037
2037
2037
2035
2034
2034
2034
2034
2033
2029
2025
2025
2025
2025
2023
2022
2021
2021
2021
2019
2019
2017
2017
2016
2015
2013
2013
2011
2010
2007
2006
2003
2003
2002
2000
1998
1998
1997
1995
1994
1993
1992
1991
1991
1989
1988
1988
1986
1985
1984
1983
1982
1982
1981
1981
1980
1978
1977
1975
1975
1974
1973
1969
1969
1968
1967
1966
1962
1962
1962
1961
1959
1958
1956
1955
1951
1949
1949
1948
1948
1948
1946
1946
1945
1944
1943
1942
1942
1941
1939
1937
1936
1934
1934
1934
1932
1932
1932
1930
1925
1925
1924
1924
1924
1922
1921
1915
1914
1914
1912
1912
1908
1906
1905
1903
1902
1900
1897
1897
1897
1897
1895
1895
1894
1888
1887
1885
1884
1883
1882
1881
1880
1880
1879
1879
1879
1876
1875
1875
1875
1875
1874
1868
1867
1867
1862
1861
1861
1860
1858
1854
1853
1852
1849
1846
1845
1845
1843
1841
1841
1840
1837
1834
1833
1833
1833
1831
1830
1829
1829
1828
1828
1828
1825
1824
1824
1822
1819
1818
1817
1817
1816
1816
1815
1813
1811
1811
1810
1810
1809
1808
1807
1805
1805
1804
1803
1802
1800
1799
1799
1797
1796
1795
1794
1792
1790
1789
1789
1789
1787
1787
1786
1781
1780
1780
1779
1779
1779
1779
1776
1774
1771
1767
1766
1766
1765
1764
1763
1763
1757
1755
1752
1749
1748
1746
1745
1745
1743
1743
1740
1740
1739
1738
1737
1735
1735
1735
1734
1733
1733
1731
1731
1730
1728
1728
1727
1726
1726
1724
1722
1722
1721
1720
1720
1719
1718
1717
1715
1711
1710
1710
1709
1707
1706
1706
1704
1703
1702
1702
1701
1701
1700
1699
1699
1697
1696
1695
1695
1693
1693
1692
1692
1692
1692
1691
1690
1689
1688
1688
1687
1687
1686
1686
1685
1685
1683
1683
1680
1680
1679
1675
1675
1674
1673
1672
1672
1671
1668
1667
1666
1665
1663
1662
1661
1660
1660
1658
1655
1654
1653
1652
1652
1652
1651
1650
1650
1650
1648
1647
1645
1645
1643
1643
1642
1642
1640
1640
1638
1635
1634
1632
1632
1632
1631
1628
1628
1625
1622
1619
1616
1615
1612
1610
1609
1604
1603
1602
1599
1598
1598
1598
1596
1596
1595
1590
1589
1589
1588
1588
1587
1587
1587
1586
1585
1584
1584
1582
1582
1582
1581
1580
1579
1576
1576
1576
1575
1573
1571
1571
1569
1569
1568
1567
1565
1564
1561
1561
1560
1559
1558
1557
1557
1556
1556
1553
1552
1550
1549
1544
1544
1543
1542
1541
1540
1539
1538
1537
1534
1534
1533
1533
1526
1525
1525
1525
1525
1524
1521
1521
1521
1520
1520
1518
1517
1510
1510
1510
1510
1508
1508
1508
1506
1505
1505
1504
1504
1504
1503
1503
1498
1497
1497
1493
1492
1492
1491
1491
1491
1488
1487
1486
1483
1482
1481
1480
1478
1475
1473
1469
1466
1466
1465
1465
1462
1459
1458
1457
1457
1451
1451
1450
1450
1450
1448
1447
1445
1445
1444
1444
1443
1443
1442
1442
1441
1438
1437
1437
1437
1435
1435
1432
1431
1428
1427
1425
1425
1425
1422
1420
1420
1419
1419
1418
1418
1415
1414
1413
1412
1409
1409
1407
1407
1407
1404
1403
1401
1401
1401
1400
1399
1398
1397
1396
1395
1394
1393
1391
1390
1389
1386
1386
1386
1383
1381
1380
1379
1375
1375
1374
1374
1373
1373
1371
1370
1368
1367
1367
1366
1366
1366
1364
1362
1362
1362
1361
1360
1360
1359
1359
1357
1354
1354
1353
1351
1350
1349
1349
1347
1345
1343
1341
1341
1340
1340
1339
1338
1338
1335
1334
1332
1327
1324
1323
1323
1322
1321
1320
1319
1316
1315
1315
1314
1314
1314
1313
1311
1311
1310
1308
1304
1303
1301
1300
1299
1299
1299
1298
1298
1295
1295
1295
1292
1291
1288
1287
1286
1284
1283
1279
1279
1278
1277
1276
1274
1273
1273
1271
1271
1271
1270
1270
1270
1269
1266
1266
1266
1266
1265
1264
1262
1261
1261
1260
1258
1258
1257
1256
1255
1255
1254
1254
1252
1251
1251
1251
1250
1250
1246
1246
1246
1243
1242
1241
1240
1237
1237
1236
1235
1232
1231
1231
1231
1230
1228
1226
1223
1222
1222
1222
1220
1219
1219
1218
1218
1218
1217
1217
1217
1215
1215
1214
1214
1212
1211
1211
1210
1210
1209
1207
1204
1203
1202
1200
1200
1198
1198
1198
1197
1197
1197
1195
1193
1192
1192
1190
1190
1184
1183
1183
1182
1181
1178
1175
1175
1175
1170
1169
1169
1169
1169
1168
1166
1164
1163
1162
1161
1160
1159
1158
1158
1157
1152
1150
1150
1148
1148
1146
1146
1145
1144
1144
1143
1143
1143
1143
1142
1138
1136
1135
1134
1134
1133
1131
1129
1127
1127
1125
1124
1124
1124
1123
1121
1117
1115
1115
1114
1112
1112
1112
1111
1107
1107
1106
1106
1105
1104
1103
1102
1102
1100
1099
1098
1096
1095
1094
1094
1093
1092
1092
1092
1090
1090
1089
1086
1084
1084
1084
1082
1080
1078
1078
1077
1077
1076
1076
1074
1074
1073
1072
1068
1068
1068
1066
1065
1064
1064
1062
1061
1060
1060
1059
1058
1058
1057
1057
1055
1051
1051
1050
1050
1050
1050
1047
1046
1044
1043
1041
1039
1038
1033
1033
1031
1030
1030
1029
1029
1029
1029
1028
1027
1025
1024
1021
1019
1018
1017
1015
1013
1011
1011
1009
1008
1007
1004
1004
1001
1001
1001
997
995
994
992
991
991
991
990
989
989
989
988
988
987
987
986
984
978
974
971
970
970
969
967
967
967
965
963
963
963
962
961
961
959
959
957
956
956
955
955
953
953
950
949
948
947
946
946
945
945
944
943
942
942
941
940
939
938
937
935
935
931
931
930
930
929
929
926
926
925
925
923
921
920
916
915
915
914
914
913
905
904
904
904
903
901
899
898
898
897
897
896
896
895
894
893
890
888
887
887
885
883
882
882
881
880
880
878
876
873
872
871
867
867
866
865
863
859
859
858
858
857
857
856
856
856
855
855
855
854
854
852
852
851
851
851
850
849
849
849
848
848
846
845
845
845
845
845
843
842
842
842
841
840
836
833
832
831
831
830
830
830
829
828
828
826
826
826
823
821
820
814
813
812
811
810
808
808
806
806
805
805
802
802
801
801
800
800
800
799
798
798
797
795
794
793
790
789
788
787
787
782
778
777
777
777
776
776
775
775
774
774
771
771
767
767
765
765
764
763
762
762
760
757
756
755
754
754
753
752
747
747
745
744
744
743
743
742
741
740
739
739
739
738
738
736
736
733
733
732
732
731
729
726
726
725
725
724
722
721
719
719
718
717
715
715
713
713
713
712
712
709
709
708
707
706
704
703
700
699
699
699
697
696
696
694
694
693
691
690
690
688
687
687
685
685
684
681
680
678
676
676
675
675
675
670
670
666
664
664
664
660
659
657
656
656
656
656
656
654
654
654
651
650
649
649
647
644
640
637
636
636
636
635
634
632
630
629
629
628
624
624
621
616
615
613
613
613
612
611
609
605
605
604
603
603
601
601
600
599
598
598
598
596
596
595
593
593
593
592
591
591
589
588
586
585
585
585
584
584
584
584
583
581
581
578
578
577
575
575
574
572
569
568
568
566
566
565
565
564
564
560
560
559
559
558
557
556
555
553
552
552
551
550
550
545
545
545
544
542
542
542
542
541
541
541
540
537
537
535
531
529
528
527
527
526
525
524
524
523
521
521
520
519
519
519
518
518
517
515
514
513
513
512
511
511
511
511
509
509
508
507
506
505
504
503
503
503
503
502
502
501
500
500
499
499
499
499
498
498
496
494
494
491
490
489
489
486
485
485
483
483
482
482
478
478
478
477
475
474
474
474
473
473
473
473
472
471
470
470
469
465
464
463
457
455
453
452
451
450
447
447
447
447
445
445
442
442
441
441
440
439
437
436
436
435
435
435
435
433
433
433
432
430
429
428
428
427
424
423
423
422
420
419
417
417
416
415
414
412
412
411
410
406
404
404
403
402
401
400
400
400
399
399
399
394
393
392
392
390
390
390
389
387
386
386
385
385
385
380
380
378
376
376
375
374
374
372
372
371
370
369
364
364
364
363
363
361
360
360
359
358
358
357
357
357
357
355
353
351
349
349
347
346
345
345
343
343
341
341
339
339
339
339
338
337
336
336
335
333
333
332
331
330
330
330
330
329
328
326
325
325
324
323
323
323
323
317
315
313
313
311
309
306
304
304
304
300
300
299
299
298
297
291
289
289
289
289
288
288
288
288
287
286
286
286
286
285
285
284
284
283
283
283
280
280
279
278
277
276
275
275
274
274
273
273
273
273
272
272
271
269
268
267
266
266
263
263
261
261
261
260
260
258
258
257
257
255
254
254
254
253
250
250
249
249
248
247
246
245
244
243
243
242
240
240
239
237
236
236
233
232
232
230
230
229
229
229
227
227
227
226
226
223
223
222
222
220
219
217
217
217
216
216
215
215
213
212
211
210
210
208
207
206
206
202
202
202
200
200
198
197
196
196
196
194
193
192
192
192
192
188
188
187
186
185
185
185
184
183
183
180
180
179
178
178
178
177
177
175
175
175
173
173
172
172
170
169
166
166
165
165
164
164
163
163
161
161
160
160
158
157
157
157
157
156
155
154
154
154
154
152
151
150
150
149
148
147
145
142
142
142
141
140
140
138
138
137
136
136
135
134
133
128
128
128
127
126
122
119
119
119
119
118
118
117
117
116
115
115
115
111
110
110
110
109
109
109
108
105
102
100
98
95
94
93
91
91
91
90
90
88
87
87
86
85
85
84
84
83
83
82
81
81
79
78
76
76
75
75
74
72
70
69
68
66
65
64
63
60
59
59
58
57
57
57
57
56
56
55
54
54
50
49
47
45
45
45
44
43
42
42
41
39
39
36
35
33
31
31
31
30
28
28
27
27
25
25
25
24
23
22
20
17
16
15
14
13
11
11
11
11
10
9
9
9
7
7
6
2
2
0
-2
-4
-4
-5
-5
-6
-6
-7
-8
-9
-10
-15
-15
-16
-17
-20
-21
-21
-24
-24
-25
-26
-26
-27
-28
-28
-28
-28
-30
-31
-31
-31
-34
-35
-36
-36
-37
-38
-40
-42
-42
-43
-44
-45
-45
-45
-45
-47
-50
-52
-52
-55
-60
-61
-61
-63
-66
-67
-67
-69
-70
-70
-70
-72
-72
-74
-76
-76
-77
-79
-81
-81
-83
-83
-84
-85
-88
-90
-91
-92
-93
-94
-96
-96
-98
-98
-102
-103
-103
-104
-104
-105
-105
-105
-106
-108
-108
-109
-110
-111
-114
-114
-114
-115
-115
-116
-117
-119
-120
-120
-121
-121
-125
-128
-129
-130
-132
-132
-133
-134
-136
-139
-140
-140
-141
-143
-145
-145
-146
-147
-147
-149
-150
-150
-151
-151
-152
-155
-156
-157
-158
-158
-158
-159
-159
-161
-161
-162
-163
-164
-166
-166
-168
-169
-169
-170
-170
-170
-170
-171
-171
-173
-174
-174
-175
-175
-176
-176
-177
-178
-178
-178
-179
-180
-182
-182
-183
-184
-185
-185
-185
-186
-187
-187
-188
-190
-193
-193
-201
-201
-202
-203
-204
-205
-205
-206
-207
-208
-213
-213
-217
-220
-221
-221
-224
-225
-227
-228
-229
-230
-230
-231
-232
-233
-233
-234
-235
-236
-237
-239
-239
-240
-241
-243
-243
-243
-243
-243
-245
-247
-250
-251
-252
-252
-252
-253
-253
-254
-254
-254
-255
-256
-257
-258
-258
-261
-261
-264
-264
-266
-268
-269
-269
-275
-275
-275
-276
-277
-278
-279
-279
-280
-280
-281
-281
-284
-285
-289
-290
-290
-291
-292
-293
-293
-293
-294
-294
-296
-298
-300
-300
-302
-303
-306
-307
-307
-307
-309
-311
-311
-312
-314
-314
-314
-314
-315
-317
-319
-320
-320
-320
-321
-325
-328
-328
-329
-330
-330
-332
-333
-334
-334
-334
-335
-339
-341
-343
-344
-346
-347
-349
-350
-350
-350
-351
-352
-354
-355
-355
-355
-356
-356
-358
-359
-359
-359
-360
-362
-363
-364
-364
-366
-366
-366
-367
-367
-367
-368
-370
-373
-374
-374
-375
-375
-375
-376
-379
-380
-380
-381
-382
-382
-382
-383
-383
-384
-385
-386
-387
-388
-389
-390
-390
-390
-391
-392
-392
-392
-393
-395
-395
-395
-397
-400
-401
-403
-404
-405
-407
-408
-409
-410
-410
-411
-412
-414
-415
-415
-416
-418
-418
-419
-419
-419
-420
-420
-421
-424
-426
-428
-429
-429
-429
-430
-430
-430
-435
-438
-438
-439
-441
-442
-442
-443
-443
-444
-446
-447
-447
-449
-449
-449
-449
-449
-450
-450
-452
-452
-452
-454
-454
-457
-457
-457
-460
-464
-466
-468
-469
-469
-469
-472
-472
-473
-473
-475
-476
-476
-479
-480
-482
-482
-484
-484
-485
-486
-486
-486
-491
-491
-492
-493
-493
-493
-494
-495
-496
-497
-498
-500
-500
-501
-501
-503
-503
-504
-505
-507
-508
-510
-513
-514
-515
-518
-520
-523
-525
-527
-527
-529
-529
-529
-530
-531
-532
-532
-535
-537
-537
-537
-537
-538
-538
-542
-543
-545
-545
-545
-548
-551
-551
-553
-553
-554
-554
-556
-556
-557
-560
-561
-561
-563
-564
-566
-567
-567
-568
-569
-569
-570
-570
-572
-574
-574
-576
-576
-577
-579
-579
-582
-585
-587
-588
-588
-589
-590
-590
-591
-593
-594
-594
-594
-596
-598
-598
-598
-598
-599
-601
-602
-603
-604
-604
-604
-605
-606
-607
-608
-610
-611
-612
-612
-612
-614
-617
-618
-619
-619
-621
-624
-624
-625
-630
-631
-631
-634
-636
-636
-636
-636
-638
-639
-642
-642
-643
-643
-643
-645
-645
-646
-646
-647
-648
-651
-651
-651
-651
-652
-654
-659
-660
-661
-664
-664
-667
-667
-668
-668
-669
-671
-672
-672
-672
-674
-675
-675
-676
-677
-677
-678
-681
-682
-684
-685
-686
-688
-689
-690
-691
-695
-695
-695
-700
-700
-700
-700
-702
-702
-703
-703
-704
-704
-705
-705
-706
-706
-706
-707
-707
-708
-708
-709
-710
-714
-714
-714
-715
-715
-716
-718
-719
-721
-725
-726
-727
-727
-728
-728
-729
-730
-730
-731
-731
-732
-732
-733
-733
-734
-734
-735
-738
-739
-741
-742
-743
-744
-745
-746
-746
-748
-748
-748
-752
-753
-755
-756
-756
-756
-757
-759
-759
-760
-761
-762
-762
-762
-764
-765
-766
-769
-771
-772
-773
-774
-775
-775
-776
-777
-777
-778
-779
-781
-782
-782
-782
-783
-786
-790
-790
-790
-791
-791
-791
-791
-793
-794
-794
-795
-799
-800
-801
-805
-805
-806
-807
-809
-812
-812
-812
-813
-814
-814
-817
-818
-819
-821
-823
-823
-828
-830
-831
-835
-835
-837
-837
-837
-837
-838
-839
-842
-842
-842
-844
-844
-846
-848
-849
-851
-852
-852
-854
-854
-859
-860
-861
-861
-861
-861
-862
-866
-867
-867
-869
-871
-872
-872
-874
-874
-875
-876
-879
-882
-883
-883
-885
-885
-886
-888
-888
-889
-889
-890
-891
-892
-894
-895
-896
-898
-901
-902
-903
-904
-906
-907
-907
-908
-908
-912
-912
-917
-918
-919
-923
-923
-925
-925
-925
-926
-926
-928
-928
-930
-933
-933
-937
-938
-939
-942
-943
-945
-945
-946
-946
-949
-950
-951
-951
-952
-955
-956
-956
-958
-958
-958
-960
-963
-963
-964
-967
-967
-967
-971
-971
-976
-979
-979
-980
-983
-983
-984
-984
-985
-986
-986
-987
-987
-992
-994
-994
-996
-997
-1001
-1005
-1006
-1007
-1010
-1010
-1011
-1011
-1011
-1015
-1016
-1017
-1019
-1022
-1023
-1024
-1024
-1025
-1026
-1027
-1027
-1028
-1029
-1030
-1031
-1032
-1033
-1034
-1035
-1036
-1036
-1037
-1039
-1040
-1042
-1042
-1042
-1045
-1045
-1046
-1046
-1049
-1051
-1054
-1056
-1056
-1058
-1058
-1062
-1063
-1063
-1063
-1063
-1064
-1065
-1065
-1065
-1070
-1071
-1072
-1072
-1073
-1073
-1073
-1074
-1075
-1080
-1081
-1084
-1084
-1084
-1084
-1085
-1085
-1086
-1087
-1088
-1090
-1091
-1091
-1092
-1092
-1093
-1093
-1097
-1098
-1100
-1101
-1103
-1103
-1104
-1105
-1106
-1107
-1107
-1108
-1108
-1109
-1109
-1109
-1109
-1110
-1111
-1111
-1112
-1113
-1113
-1115
-1116
-1118
-1120
-1121
-1122
-1122
-1126
-1127
-1127
-1130
-1130
-1130
-1131
-1135
-1137
-1138
-1140
-1142
-1144
-1144
-1144
-1145
-1145
-1148
-1148
-1151
-1155
-1156
-1157
-1160
-1160
-1160
-1161
-1161
-1163
-1163
-1163
-1165
-1167
-1168
-1169
-1169
-1170
-1172
-1172
-1175
-1177
-1178
-1178
-1180
-1180
-1181
-1181
-1182
-1183
-1183
-1185
-1185
-1185
-1189
-1189
-1192
-1194
-1196
-1196
-1197
-1200
-1200
-1200
-1201
-1201
-1201
-1202
-1202
-1202
-1205
-1205
-1209
-1211
-1212
-1212
-1213
-1214
-1214
-1214
-1215
-1215
-1215
-1217
-1218
-1221
-1222
-1224
-1225
-1226
-1226
-1227
-1227
-1229
-1229
-1230
-1232
-1232
-1235
-1237
-1237
-1238
-1241
-1242
-1242
-1248
-1249
-1251
-1252
-1252
-1253
-1253
-1254
-1256
-1256
-1256
-1257
-1262
-1263
-1263
-1263
-1264
-1264
-1264
-1265
-1265
-1265
-1269
-1269
-1270
-1271
-1272
-1272
-1275
-1276
-1277
-1278
-1278
-1279
-1279
-1281
-1281
-1281
-1283
-1283
-1284
-1284
-1285
-1289
-1290
-1290
-1292
-1294
-1295
-1296
-1297
-1302
-1303
-1307
-1312
-1317
-1317
-1318
-1318
-1318
-1319
-1319
-1322
-1324
-1325
-1327
-1332
-1333
-1333
-1334
-1337
-1339
-1341
-1344
-1347
-1348
-1349
-1350
-1352
-1353
-1354
-1354
-1356
-1356
-1357
-1358
-1359
-1361
-1361
-1362
-1362
-1363
-1364
-1365
-1367
-1369
-1369
-1369
-1370
-1372
-1373
-1378
-1382
-1382
-1383
-1385
-1386
-1386
-1386
-1388
-1388
-1390
-1391
-1391
-1393
-1395
-1396
-1396
-1397
-1399
-1400
-1401
-1402
-1402
-1403
-1404
-1405
-1410
-1411
-1414
-1414
-1414
-1415
-1417
-1423
-1423
-1424
-1427
-1428
-1428
-1428
-1429
-1431
-1431
-1433
-1434
-1435
-1435
-1435
-1437
-1438
-1440
-1441
-1442
-1444
-1445
-1446
-1446
-1448
-1448
-1448
-1449
-1450
-1451
-1451
-1452
-1452
-1452
-1453
-1460
-1461
-1463
-1463
-1464
-1465
-1466
-1466
-1467
-1469
-1474
-1474
-1475
-1476
-1478
-1478
-1480
-1481
-1482
-1483
-1483
-1484
-1487
-1488
-1489
-1499
-1500
-1500
-1502
-1503
-1504
-1508
-1508
-1508
-1509
-1510
-1511
-1511
-1513
-1517
-1518
-1519
-1519
-1521
-1525
-1525
-1525
-1526
-1527
-1529
-1530
-1532
-1533
-1533
-1534
-1535
-1538
-1539
-1539
-1539
-1542
-1542
-1543
-1544
-1547
-1548
-1548
-1548
-1549
-1549
-1550
-1552
-1552
-1555
-1558
-1558
-1561
-1561
-1561
-1562
-1565
-1565
-1569
-1569
-1569
-1572
-1572
-1572
-1576
-1581
-1582
-1587
-1588
-1588
-1588
-1592
-1596
-1598
-1598
-1599
-1602
-1602
-1603
-1603
-1605
-1607
-1607
-1607
-1612
-1614
-1615
-1615
-1616
-1616
-1617
-1619
-1620
-1622
-1624
-1625
-1627
-1629
-1629
-1629
-1630
-1630
-1634
-1634
-1635
-1636
-1636
-1637
-1638
-1639
-1642
-1642
-1643
-1645
-1647
-1647
-1649
-1649
-1650
-1650
-1651
-1652
-1652
-1654
-1654
-1654
-1655
-1656
-1657
-1657
-1659
-1660
-1662
-1667
-1671
-1671
-1672
-1673
-1673
-1674
-1674
-1675
-1675
-1675
-1676
-1677
-1678
-1681
-1683
-1688
-1688
-1689
-1692
-1693
-1694
-1695
-1696
-1698
-1698
-1699
-1700
-1701
-1702
-1704
-1705
-1706
-1707
-1708
-1710
-1710
-1710
-1710
-1710
-1710
-1712
-1715
-1716
-1716
-1717
-1720
-1720
-1721
-1721
-1722
-1724
-1726
-1728
-1730
-1730
-1733
-1734
-1735
-1738
-1739
-1740
-1741
-1741
-1744
-1744
-1745
-1751
-1752
-1752
-1756
-1758
-1759
-1759
-1759
-1759
-1762
-1767
-1768
-1772
-1773
-1774
-1774
-1774
-1775
-1777
-1778
-1779
-1779
-1780
-1781
-1781
-1783
-1783
-1784
-1784
-1785
-1785
-1790
-1790
-1793
-1794
-1795
-1795
-1796
-1796
-1796
-1797
-1801
-1803
-1803
-1807
-1809
-1810
-1810
-1812
-1812
-1815
-1818
-1818
-1819
-1820
-1820
-1820
-1821
-1821
-1823
-1823
-1823
-1823
-1824
-1825
-1826
-1830
-1831
-1831
-1832
-1834
-1834
-1835
-1836
-1836
-1836
-1842
-1843
-1844
-1844
-1846
-1847
-1848
-1850
-1852
-1854
-1856
-1856
-1857
-1858
-1859
-1859
-1862
-1862
-1862
-1862
-1865
-1866
-1866
-1869
-1870
-1870
-1874
-1876
-1876
-1876
-1877
-1880
-1880
-1881
-1882
-1882
-1882
-1886
-1887
-1888
-1888
-1888
-1889
-1889
-1890
-1891
-1893
-1894
-1895
-1895
-1896
-1900
-1903
-1905
-1906
-1907
-1908
-1908
-1912
-1913
-1913
-1917
-1918
-1920
-1921
-1921
-1922
-1923
-1924
-1924
-1924
-1925
-1928
-1928
-1928
-1929
-1930
-1930
-1931
-1936
-1936
-1936
-1937
-1938
-1938
-1939
-1946
-1947
-1948
-1952
-1954
-1954
-1955
-1957
-1958
-1959
-1961
-1962
-1962
-1963
-1964
-1964
-1965
-1965
-1966
-1968
-1970
-1970
-1972
-1973
-1975
-1975
-1976
-1980
-1982
-1982
-1984
-1988
-1988
-1989
-1990
-1992
-1997
-1999
-1999
-2002
-2005
-2005
-2005
-2009
-2010
-2011
-2012
-2013
-2022
-2023
-2024
-2025
-2026
-2027
-2028
-2028
-2030
-2033
-2033
-2033
-2034
-2035
-2036
-2040
-2040
-2042
-2043
-2043
-2044
-2044
-2044
-2047
-2047
-2049
-2050
-2052
-2052
-2055
-2055
-2057
-2059
-2061
-2061
-2062
-2066
-2068
-2068
-2068
-2071
-2072
-2072
-2074
-2074
-2075
-2075
-2075
-2076
-2076
-2077
-2078
-2078
-2079
-2079
-2079
-2081
-2081
-2083
-2083
-2083
-2086
-2091
-2092
-2093
-2093
-2097
-2098
-2101
-2104
-2105
-2105
-2105
-2107
-2109
-2109
-2111
-2112
-2112
-2113
-2115
-2116
-2117
-2120
-2120
-2121
-2124
-2124
-2125
-2127
-2128
-2131
-2135
-2137
-2137
-2140
-2141
-2142
-2142
-2143
-2144
-2144
-2144
-2145
-2145
-2148
-2148
-2150
-2150
-2150
-2154
-2157
-2158
-2161
-2163
-2166
-2167
-2167
-2168
-2170
-2170
-2171
-2171
-2172
-2173
-2174
-2174
-2175
-2177
-2181
-2181
-2183
-2185
-2185
-2185
-2186
-2187
-2188
-2189
-2189
-2190
-2190
-2192
-2193
-2196
-2197
-2199
-2205
-2205
-2207
-2208
-2209
-2209
-2209
-2209
-2210
-2211
-2212
-2213
-2214
-2215
-2216
-2217
-2219
-2222
-2224
-2226
-2226
-2227
-2228
-2231
-2233
-2235
-2235
-2236
-2237
-2238
-2242
-2243
-2243
-2243
-2243
-2247
-2248
-2249
-2250
-2250
-2250
-2251
-2251
-2252
-2254
-2259
-2260
-2262
-2264
-2264
-2265
-2267
-2268
-2269
-2273
-2274
-2278
-2279
-2284
-2284
-2284
-2285
-2287
-2287
-2288
-2289
-2292
-2294
-2294
-2295
-2296
-2296
-2296
-2297
-2297
-2299
-2300
-2301
-2302
-2308
-2309
-2310
-2312
-2315
-2315
-2316
-2317
-2317
-2321
-2322
-2324
-2324
-2325
-2327
-2328
-2330
-2330
-2331
-2332
-2333
-2334
-2335
-2339
-2341
-2341
-2343
-2345
-2348
-2349
-2349
-2351
-2352
-2353
-2357
-2358
-2361
-2363
-2363
-2363
-2364
-2365
-2365
-2366
-2369
-2369
-2371
-2374
-2375
-2375
-2376
-2379
-2379
-2385
-2386
-2386
-2388
-2389
-2389
-2390
-2392
-2393
-2396
-2397
-2398
-2399
-2400
-2403
-2403
-2406
-2407
-2409
-2409
-2411
-2412
-2413
-2414
-2415
-2418
-2419
-2419
-2420
-2422
-2423
-2424
-2425
-2426
-2428
-2429
-2429
-2430
-2432
-2432
-2434
-2434
-2437
-2439
-2440
-2442
-2443
-2445
-2446
-2446
-2447
-2449
-2453
-2456
-2456
-2457
-2466
-2468
-2468
-2471
-2471
-2475
-2475
-2475
-2476
-2476
-2477
-2480
-2482
-2484
-2484
-2486
-2486
-2487
-2488
-2489
-2494
-2494
-2494
-2496
-2496
-2497
-2501
-2502
-2503
-2507
-2511
-2511
-2511
-2512
-2513
-2515
-2515
-2515
-2516
-2518
-2519
-2520
-2522
-2523
-2524
-2526
-2526
-2526
-2527
-2527
-2528
-2529
-2531
-2531
-2534
-2536
-2536
-2537
-2537
-2538
-2541
-2542
-2544
-2544
-2545
-2545
-2547
-2547
-2547
-2547
-2551
-2552
-2552
-2555
-2557
-2559
-2560
-2562
-2562
-2566
-2566
-2567
-2570
-2573
-2573
-2575
-2575
-2576
-2576
-2576
-2577
-2578
-2579
-2581
-2582
-2582
-2584
-2584
-2584
-2585
-2587
-2587
-2588
-2589
-2589
-2590
-2591
-2593
-2595
-2595
-2596
-2596
-2597
-2598
-2599
-2600
-2600
-2600
-2601
-2601
-2602
-2604
-2604
-2605
-2605
-2608
-2611
-2611
-2611
-2612
-2613
-2615
-2616
-2617
-2617
-2618
-2620
-2622
-2622
-2623
-2624
-2624
-2626
-2627
-2628
-2629
-2630
-2630
-2631
-2632
-2633
-2635
-2635
-2636
-2636
-2640
-2641
-2642
-2643
-2645
-2646
-2647
-2649
-2650
-2651
-2652
-2652
-2653
-2654
-2655
-2656
-2657
-2658
-2658
-2659
-2659
-2661
-2661
-2661
-2663
-2664
-2666
-2669
-2671
-2672
-2673
-2675
-2675
-2677
-2680
-2681
-2683
-2683
-2684
-2687
-2690
-2690
-2690
-2694
-2694
-2699
-2699
-2700
-2700
-2702
-2702
-2703
-2705
-2706
-2709
-2709
-2711
-2712
-2713
-2716
-2717
-2718
-2718
-2722
-2727
-2730
-2730
-2730
-2731
-2732
-2733
-2733
-2735
-2740
-2741
-2744
-2745
-2745
-2746
-2747
-2748
-2753
-2755
-2755
-2756
-2756
-2758
-2760
-2761
-2762
-2762
-2762
-2763
-2764
-2768
-2769
-2769
-2770
-2770
-2771
-2771
-2773
-2773
-2773
-2774
-2775
-2778
-2778
-2778
-2778
-2779
-2781
-2783
-2783
-2783
-2785
-2785
-2786
-2786
-2787
-2790
-2792
-2793
-2793
-2793
-2795
-2796
-2800
-2800
-2801
-2802
-2805
-2805
-2807
-2808
-2808
-2809
-2811
-2811
-2811
-2812
-2813
-2813
-2814
-2815
-2815
-2815
-2816
-2819
-2821
-2822
-2822
-2826
-2826
-2829
-2830
-2834
-2836
-2840
-2841
-2841
-2843
-2845
-2847
-2848
-2851
-2853
-2859
-2861
-2863
-2863
-2864
-2866
-2866
-2867
-2871
-2872
-2873
-2874
-2874
-2875
-2876
-2878
-2879
-2880
-2881
-2884
-2884
-2890
-2890
-2891
-2892
-2895
-2898
-2900
-2900
-2904
-2905
-2905
-2907
-2909
-2909
-2909
-2911
-2912
-2913
-2918
-2920
-2921
-2921
-2923
-2924
-2926
-2927
-2927
-2928
-2928
-2928
-2930
-2931
-2933
-2936
-2944
-2944
-2944
-2945
-2946
-2947
-2948
-2949
-2950
-2953
-2954
-2955
-2957
-2959
-2962
-2963
-2964
-2964
-2965
-2967
-2968
-2968
-2969
-2971
-2974
-2978
-2980
-2982
-2982
-2984
-2985
-2987
-2991
-2991
-2993
-2993
-2996
-2998
-2999
-2999
-3010
-3013
-3014
-3017
-3019
-3019
-3020
-3020
-3023
-3023
-3023
-3026
-3028
-3030
-3031
-3032
-3035
-3037
-3040
-3040
-3041
-3041
-3044
-3045
-3046
-3046
-3047
-3048
-3050
-3051
-3053
-3054
-3054
-3057
-3057
-3058
-3062
-3062
-3063
-3066
-3066
-3069
-3072
-3073
-3073
-3073
-3074
-3076
-3078
-3081
-3081
-3083
-3083
-3084
-3090
-3091
-3091
-3094
-3094
-3096
-3097
-3097
-3099
-3099
-3101
-3103
-3104
-3104
-3105
-3106
-3107
-3108
-3110
-3111
-3112
-3112
-3112
-3113
-3120
-3121
-3122
-3122
-3123
-3125
-3126
-3132
-3134
-3135
-3135
-3135
-3138
-3143
-3144
-3147
-3147
-3149
-3150
-3150
-3154
-3156
-3157
-3157
-3161
-3162
-3162
-3165
-3166
-3168
-3168
-3169
-3169
-3170
-3171
-3174
-3175
-3176
-3181
-3184
-3184
-3186
-3192
-3193
-3194
-3195
-3197
-3198
-3198
-3199
-3199
-3200
-3202
-3205
-3207
-3208
-3209
-3209
-3210
-3212
-3212
-3218
-3219
-3219
-3225
-3228
-3229
-3229
-3230
-3230
-3231
-3234
-3235
-3236
-3238
-3243
-3243
-3246
-3246
-3255
-3257
-3260
-3262
-3263
-3263
-3268
-3271
-3272
-3274
-3274
-3275
-3276
-3277
-3279
-3281
-3281
-3284
-3284
-3286
-3286
-3287
-3289
-3289
-3293
-3293
-3294
-3296
-3299
-3300
-3300
-3300
-3300
-3302
-3306
-3309
-3309
-3309
-3310
-3311
-3313
-3315
-3320
-3320
-3322
-3323
-3324
-3325
-3326
-3328
-3330
-3330
-3330
-3336
-3338
-3338
-3338
-3342
-3343
-3347
-3348
-3351
-3351
-3354
-3354
-3355
-3359
-3363
-3363
-3369
-3370
-3371
-3374
-3374
-3374
-3376
-3378
-3379
-3379
-3381
-3383
-3383
-3384
-3389
-3393
-3393
-3395
-3396
-3396
-3397
-3398
-3398
-3398
-3399
-3400
-3401
-3401
-3402
-3404
-3412
-3414
-3417
-3419
-3420
-3424
-3425
-3427
-3430
-3433
-3434
-3434
-3435
-3436
-3436
-3438
-3441
-3444
-3444
-3445
-3447
-3450
-3450
-3451
-3451
-3460
-3461
-3463
-3470
-3476
-3479
-3480
-3482
-3482
-3482
-3484
-3484
-3484
-3485
-3485
-3487
-3488
-3489
-3500
-3503
-3506
-3506
-3507
-3509
-3511
-3512
-3512
-3513
-3514
-3516
-3518
-3520
-3526
-3526
-3526
-3529
-3531
-3532
-3533
-3535
-3536
-3536
-3538
-3538
-3540
-3541
-3542
-3543
-3547
-3547
-3552
-3553
-3553
-3555
-3556
-3557
-3557
-3558
-3559
-3563
-3565
-3566
-3566
-3568
-3571
-3572
-3573
-3574
-3574
-3576
-3577
-3577
-3577
-3580
-3581
-3583
-3583
-3584
-3584
-3584
-3585
-3589
-3589
-3590
-3592
-3594
-3595
-3595
-3598
-3598
-3600
-3601
-3601
-3603
-3604
-3605
-3609
-3611
-3613
-3614
-3614
-3618
-3619
-3619
-3620
-3622
-3622
-3623
-3624
-3625
-3625
-3627
-3629
-3631
-3632
-3635
-3636
-3638
-3642
-3642
-3645
-3645
-3646
-3646
-3646
-3648
-3648
-3650
-3652
-3652
-3659
-3659
-3660
-3665
-3665
-3666
-3666
-3668
-3672
-3674
-3675
-3679
-3681
-3681
-3684
-3684
-3685
-3687
-3688
-3692
-3693
-3693
-3695
-3697
-3697
-3698
-3699
-3701
-3701
-3703
-3704
-3704
-3707
-3709
-3712
-3714
-3716
-3717
-3718
-3718
-3722
-3723
-3724
-3724
-3725
-3727
-3730
-3733
-3734
-3734
-3735
-3735
-3736
-3739
-3742
-3742
-3743
-3744
-3744
-3745
-3747
-3748
-3748
-3749
-3752
-3756
-3758
-3764
-3769
-3771
-3775
-3780
-3783
-3784
-3784
-3788
-3789
-3790
-3792
-3793
-3793
-3794
-3797
-3798
-3798
-3804
-3804
-3805
-3806
-3807
-3811
-3813
-3818
-3822
-3831
-3831
-3831
-3833
-3835
-3835
-3837
-3837
-3838
-3841
-3842
-3842
-3843
-3844
-3844
-3845
-3845
-3848
-3848
-3849
-3850
-3855
-3862
-3863
-3864
-3866
-3867
-3867
-3869
-3870
-3872
-3872
-3877
-3878
-3878
-3878
-3879
-3880
-3885
-3887
-3888
-3891
-3891
-3892
-3893
-3894
-3894
-3895
-3896
-3896
-3896
-3897
-3897
-3900
-3901
-3901
-3906
-3909
-3910
-3910
-3910
-3912
-3914
-3914
-3915
-3915
-3919
-3919
-3924
-3925
-3926
-3928
-3928
-3928
-3929
-3930
-3933
-3933
-3934
-3934
-3936
-3938
-3942
-3944
-3950
-3951
-3952
-3952
-3958
-3959
-3959
-3960
-3964
-3966
-3966
-3966
-3967
-3968
-3968
-3969
-3970
-3976
-3980
-3981
-3982
-3986
-3991
-3991
-3992
-3994
-3994
-3996
-3997
-3997
-3997
-4011
-4012
-4013
-4016
-4018
-4021
-4021
-4026
-4027
-4028
-4029
-4029
-4030
-4030
-4031
-4032
-4036
-4037
-4038
-4042
-4044
-4049
-4049
-4049
-4049
-4050
-4051
-4051
-4059
-4060
-4060
-4066
-4066
-4069
-4073
-4074
-4075
-4075
-4077
-4078
-4078
-4079
-4081
-4083
-4087
-4090
-4090
-4092
-4092
-4092
-4095
-4095
-4097
-4099
-4100
-4101
-4102
-4102
-4105
-4107
-4114
-4118
-4118
-4123
-4123
-4125
-4127
-4127
-4128
-4130
-4130
-4130
-4130
-4131
-4135
-4137
-4140
-4140
-4140
-4145
-4146
-4151
-4152
-4154
-4155
-4157
-4158
-4158
-4159
-4162
-4162
-4165
-4166
-4166
-4168
-4169
-4170
-4171
-4173
-4173
-4173
-4174
-4174
-4176
-4176
-4177
-4179
-4180
-4182
-4183
-4184
-4184
-4185
-4186
-4186
-4186
-4188
-4189
-4195
-4196
-4202
-4203
-4205
-4206
-4209
-4209
-4210
-4211
-4213
-4214
-4215
-4216
-4217
-4217
-4222
-4222
-4225
-4228
-4230
-4230
-4236
-4237
-4241
-4243
-4249
-4249
-4251
-4253
-4253
-4256
-4257
-4261
-4263
-4265
-4265
-4267
-4268
-4269
-4274
-4275
-4276
-4279
-4279
-4280
-4283
-4283
-4285
-4287
-4289
-4289
-4292
-4293
-4294
-4294
-4295
-4297
-4300
-4302
-4307
-4308
-4309
-4313
-4314
-4318
-4324
-4328
-4328
-4328
-4329
-4330
-4331
-4331
-4332
-4339
-4340
-4343
-4348
-4348
-4351
-4351
-4352
-4353
-4354
-4355
-4355
-4356
-4357
-4359
-4360
-4365
-4366
-4366
-4369
-4370
-4373
-4375
-4377
-4379
-4380
-4380
-4382
-4384
-4385
-4386
-4388
-4390
-4391
-4392
-4393
-4397
-4398
-4407
-4408
-4408
-4409
-4409
-4412
-4412
-4413
-4416
-4417
-4418
-4423
-4423
-4430
-4430
-4433
-4437
-4439
-4449
-4449
-4451
-4451
-4452
-4452
-4452
-4454
-4454
-4454
-4459
-4462
-4464
-4465
-4468
-4472
-4474
-4475
-4481
-4482
-4482
-4483
-4484
-4495
-4497
-4503
-4504
-4504
-4505
-4505
-4505
-4507
-4510
-4514
-4517
-4519
-4520
-4522
-4524
-4524
-4528
-4528
-4534
-4541
-4541
-4542
-4544
-4547
-4553
-4554
-4555
-4555
-4559
-4560
-4561
-4562
-4564
-4564
-4572
-4577
-4579
-4581
-4586
-4586
-4586
-4588
-4589
-4593
-4594
-4595
-4597
-4598
-4600
-4602
-4606
-4606
-4607
-4611
-4615
-4624
-4627
-4628
-4629
-4630
-4631
-4636
-4638
-4644
-4646
-4646
-4646
-4646
-4646
-4650
-4652
-4652
-4653
-4656
-4660
-4661
-4662
-4665
-4666
-4670
-4672
-4674
-4676
-4677
-4678
-4678
-4679
-4680
-4680
-4680
-4680
-4681
-4681
-4686
-4686
-4687
-4688
-4690
-4693
-4697
-4700
-4700
-4702
-4702
-4703
-4703
-4705
-4709
-4711
-4713
-4715
-4718
-4721
-4721
-4724
-4724
-4725
-4725
-4725
-4727
-4728
-4729
-4730
-4730
-4731
-4732
-4733
-4733
-4734
-4740
-4741
-4743
-4744
-4745
-4748
-4751
-4754
-4754
-4757
-4758
-4762
-4762
-4762
-4762
-4763
-4763
-4764
-4764
-4766
-4767
-4767
-4771
-4773
-4774
-4775
-4778
-4778
-4783
-4785
-4787
-4788
-4788
-4789
-4790
-4790
-4792
-4793
-4794
-4794
-4798
-4801
-4806
-4808
-4813
-4813
-4814
-4814
-4817
-4819
-4821
-4823
-4823
-4825
-4825
-4827
-4827
-4827
-4828
-4828
-4829
-4829
-4830
-4832
-4835
-4835
-4836
-4837
-4838
-4838
-4840
-4840
-4842
-4843
-4844
-4847
-4852
-4854
-4854
-4855
-4857
-4859
-4859
-4860
-4861
-4862
-4864
-4871
-4876
-4878
-4880
-4884
-4887
-4891
-4893
-4893
-4895
-4895
-4898
-4899
-4900
-4903
-4904
-4908
-4911
-4916
-4916
-4917
-4918
-4918
-4920
-4922
-4925
-4927
-4927
-4932
-4933
-4934
-4942
-4943
-4945
-4946
-4947
-4947
-4954
-4955
-4958
-4962
-4963
-4969
-4970
-4971
-4979
-4982
-4983
-4983
-4984
-4984
-4984
-4986
-4986
-4988
-4989
-4992
-4995
-4995
-5004
-5010
-5010
-5010
-5011
-5016
-5025
-5027
-5027
-5029
-5032
-5033
-5035
-5036
-5036
-5039
-5042
-5042
-5042
-5050
-5052
-5052
-5057
-5060
-5067
-5068
-5069
-5070
-5071
-5071
-5076
-5076
-5076
-5079
-5080
-5081
-5082
-5093
-5104
-5107
-5108
-5112
-5113
-5115
-5115
-5117
-5121
-5121
-5121
-5123
-5123
-5123
-5128
-5129
-5133
-5137
-5138
-5139
-5141
-5144
-5146
-5147
-5148
-5159
-5161
-5162
-5162
-5164
-5170
-5173
-5174
-5175
-5176
-5178
-5182
-5184
-5187
-5190
-5191
-5191
-5192
-5192
-5193
-5195
-5197
-5200
-5202
-5202
-5206
-5208
-5212
-5214
-5215
-5221
-5221
-5228
-5228
-5229
-5229
-5234
-5234
-5234
-5236
-5247
-5248
-5248
-5249
-5258
-5258
-5259
-5260
-5265
-5270
-5273
-5276
-5281
-5283
-5284
-5285
-5288
-5289
-5290
-5290
-5290
-5291
-5292
-5292
-5300
-5300
-5301
-5311
-5315
-5318
-5319
-5319
-5321
-5323
-5323
-5323
-5324
-5325
-5329
-5329
-5331
-5337
-5337
-5338
-5339
-5340
-5341
-5344
-5344
-5350
-5351
-5351
-5357
-5361
-5363
-5365
-5368
-5369
-5370
-5376
-5378
-5378
-5384
-5387
-5390
-5391
-5392
-5393
-5396
-5396
-5401
-5406
-5415
-5415
-5416
-5419
-5420
-5420
-5421
-5426
-5427
-5427
-5428
-5431
-5431
-5435
-5437
-5437
-5438
-5439
-5441
-5442
-5444
-5444
-5448
-5453
-5456
-5456
-5457
-5462
-5469
-5470
-5473
-5475
-5478
-5480
-5481
-5484
-5485
-5487
-5489
-5490
-5490
-5491
-5496
-5496
-5498
-5500
-5503
-5503
-5504
-5504
-5505
-5505
-5507
-5509
-5510
-5512
-5518
-5520
-5520
-5521
-5521
-5521
-5524
-5525
-5533
-5535
-5538
-5542
-5544
-5551
-5554
-5558
-5560
-5561
-5566
-5567
-5568
-5569
-5579
-5581
-5582
-5584
-5593
-5594
-5597
-5599
-5606
-5609
-5609
-5612
-5613
-5615
-5615
-5619
-5619
-5623
-5624
-5626
-5629
-5629
-5630
-5631
-5633
-5633
-5635
-5635
-5636
-5638
-5639
-5644
-5645
-5649
-5651
-5652
-5655
-5657
-5662
-5665
-5666
-5668
-5668
-5669
-5670
-5673
-5674
-5675
-5678
-5678
-5681
-5684
-5685
-5686
-5686
-5687
-5694
-5701
-5703
-5704
-5704
-5704
-5705
-5708
-5708
-5714
-5715
-5715
-5716
-5717
-5720
-5728
-5728
-5729
-5732
-5738
-5739
-5742
-5747
-5752
-5755
-5758
-5760
-5761
-5762
-5764
-5765
-5765
-5768
-5768
-5769
-5770
-5771
-5772
-5774
-5776
-5779
-5783
-5784
-5790
-5791
-5792
-5798
-5800
-5800
-5802
-5803
-5803
-5804
-5808
-5813
-5814
-5819
-5819
-5819
-5821
-5832
-5835
-5838
-5839
-5839
-5842
-5845
-5848
-5849
-5852
-5861
-5866
-5870
-5870
-5870
-5871
-5871
-5871
-5875
-5879
-5880
-5882
-5884
-5888
-5892
-5893
-5893
-5907
-5910
-5916
-5923
-5924
-5925
-5927
-5929
-5929
-5933
-5937
-5941
-5942
-5942
-5945
-5955
-5958
-5959
-5962
-5965
-5968
-5968
-5968
-5969
-5974
-5977
-5978
-5987
-6002
-6003
-6010
-6013
-6014
-6018
-6018
-6021
-6031
-6031
-6032
-6033
-6041
-6041
-6042
-6043
-6043
-6047
-6051
-6052
-6059
-6060
-6063
-6065
-6067
-6069
-6069
-6070
-6074
-6075
-6076
-6079
-6081
-6082
-6084
-6084
-6086
-6092
-6092
-6096
-6096
-6097
-6099
-6099
-6100
-6100
-6100
-6102
-6106
-6109
-6109
-6116
-6117
-6118
-6119
-6120
-6123
-6133
-6134
-6134
-6134
-6138
-6138
-6140
-6142
-6144
-6145
-6145
-6146
-6147
-6147
-6149
-6162
-6164
-6171
-6172
-6182
-6187
-6190
-6194
-6196
-6202
-6202
-6206
-6208
-6209
-6210
-6211
-6211
-6212
-6212
-6216
-6222
-6223
-6226
-6234
-6237
-6244
-6250
-6251
-6257
-6259
-6263
-6274
-6276
-6276
-6278
-6282
-6283
-6286
-6286
-6288
-6290
-6291
-6292
-6292
-6298
-6298
-6300
-6303
-6307
-6311
-6313
-6313
-6316
-6321
-6321
-6326
-6333
-6336
-6339
-6348
-6348
-6351
-6351
-6352
-6353
-6365
-6368
-6368
-6370
-6371
-6373
-6375
-6377
-6378
-6381
-6384
-6385
-6388
-6389
-6391
-6395
-6396
-6400
-6403
-6407
-6407
-6408
-6410
-6410
-6412
-6413
-6420
-6428
-6428
-6429
-6429
-6429
-6437
-6441
-6446
-6450
-6451
-6453
-6453
-6460
-6462
-6462
-6464
-6467
-6473
-6477
-6477
-6478
-6479
-6480
-6486
-6490
-6493
-6493
-6494
-6496
-6503
-6503
-6507
-6509
-6513
-6521
-6527
-6535
-6543
-6543
-6546
-6546
-6546
-6548
-6548
-6549
-6552
-6554
-6555
-6557
-6557
-6558
-6560
-6562
-6565
-6570
-6570
-6571
-6571
-6573
-6576
-6577
-6580
-6581
-6581
-6582
-6584
-6591
-6591
-6593
-6594
-6594
-6604
-6609
-6617
-6617
-6620
-6621
-6625
-6628
-6628
-6630
-6631
-6631
-6631
-6636
-6636
-6636
-6638
-6638
-6638
-6639
-6639
-6642
-6645
-6656
-6661
-6671
-6673
-6677
-6681
-6685
-6686
-6687
-6693
-6693
-6707
-6707
-6712
-6715
-6718
-6733
-6734
-6738
-6740
-6742
-6745
-6753
-6758
-6759
-6760
-6763
-6767
-6769
-6774
-6783
-6784
-6792
-6793
-6801
-6804
-6805
-6808
-6810
-6813
-6815
-6815
-6816
-6818
-6819
-6820
-6822
-6824
-6826
-6826
-6832
-6837
-6838
-6846
-6847
-6848
-6851
-6851
-6857
-6863
-6866
-6867
-6869
-6869
-6871
-6879
-6880
-6884
-6888
-6899
-6899
-6902
-6903
-6906
-6908
-6908
-6919
-6924
-6928
-6937
-6943
-6944
-6947
-6947
-6948
-6948
-6950
-6951
-6955
-6955
-6957
-6960
-6963
-6966
-6968
-6970
-6973
-6975
-6981
-6981
-6982
-6985
-6985
-6989
-6992
-7001
-7012
-7014
-7021
-7028
-7029
-7034
-7036
-7037
-7037
-7037
-7041
-7046
-7048
-7051
-7053
-7053
-7058
-7058
-7060
-7065
-7066
-7069
-7072
-7076
-7077
-7083
-7086
-7091
-7101
-7103
-7105
-7106
-7114
-7115
-7118
-7118
-7123
-7125
-7125
-7133
-7134
-7135
-7136
-7138
-7147
-7148
-7155
-7156
-7158
-7161
-7167
-7167
-7171
-7177
-7180
-7182
-7188
-7197
-7197
-7199
-7201
-7209
-7210
-7216
-7217
-7226
-7231
-7244
-7246
-7249
-7249
-7255
-7258
-7266
-7268
-7270
-7273
-7283
-7285
-7292
-7303
-7307
-7313
-7319
-7321
-7331
-7334
-7335
-7340
-7344
-7348
-7350
-7363
-7370
-7373
-7376
-7378
-7384
-7385
-7390
-7398
-7399
-7403
-7409
-7413
-7416
-7423
-7426
-7429
-7430
-7435
-7453
-7455
-7455
-7455
-7458
-7476
-7486
-7493
-7500
-7502
-7502
-7504
-7510
-7516
-7526
-7527
-7531
-7537
-7539
-7545
-7547
-7550
-7562
-7564
-7565
-7567
-7571
-7573
-7576
-7579
-7585
-7585
-7605
-7607
-7608
-7617
-7623
-7624
-7628
-7642
-7647
-7656
-7657
-7670
-7671
-7680
-7684
-7696
-7705
-7712
-7718
-7719
-7719
-7731
-7731
-7733
-7737
-7739
-7742
-7743
-7745
-7751
-7767
-7767
-7768
-7770
-7784
-7784
-7785
-7785
-7790
-7795
-7795
-7795
-7800
-7801
-7803
-7812
-7814
-7818
-7830
-7832
-7836
-7848
-7856
-7856
-7860
-7862
-7872
-7876
-7880
-7881
-7881
-7883
-7886
-7904
-7918
-7919
-7939
-7941
-7943
-7946
-7953
-7957
-7960
-7960
-7961
-7967
-7971
-7971
-7973
-7978
-7983
-7989
-7992
-7993
-8000
-8003
-8003
-8009
-8010
-8012
-8019
-8020
-8029
-8050
-8060
-8082
-8082
-8084
-8090
-8090
-8093
-8103
-8109
-8119
-8119
-8123
-8145
-8146
-8146
-8149
-8151
-8166
-8166
-8184
-8186
-8186
-8190
-8196
-8205
-8212
-8218
-8228
-8232
-8252
-8266
-8270
-8275
-8282
-8282
-8289
-8289
-8293
-8294
-8303
-8307
-8309
-8321
-8322
-8332
-8336
-8342
-8367
-8371
-8377
-8382
-8384
-8386
-8386
-8398
-8399
-8400
-8403
-8405
-8409
-8420
-8420
-8424
-8425
-8431
-8434
-8440
-8442
-8451
-8468
-8479
-8483
-8484
-8490
-8501
-8503
-8511
-8520
-8536
-8540
-8542
-8542
-8545
-8556
-8559
-8560
-8566
-8573
-8579
-8584
-8614
-8624
-8633
-8643
-8645
-8650
-8671
-8674
-8686
-8692
-8694
-8694
-8695
-8698
-8698
-8702
-8711
-8716
-8717
-8735
-8741
-8743
-8756
-8761
-8776
-8806
-8815
-8824
-8836
-8839
-8848
-8848
-8864
-8877
-8884
-8886
-8900
-8903
-8919
-8925
-8930
-8934
-8944
-8960
-8980
-8992
-8994
-8996
-8996
-9004
-9038
-9038
-9038
-9049
-9071
-9072
-9075
-9082
-9101
-9123
-9124
-9132
-9137
-9139
-9143
-9143
-9144
-9156
-9167
-9178
-9178
-9201
-9201
-9218
-9226
-9236
-9249
-9260
-9261
-9296
-9302
-9324
-9347
-9366
-9380
-9381
-9385
-9397
-9399
-9402
-9420
-9447
-9466
-9466
-9467
-9478
-9479
-9485
-9510
-9512
-9515
-9572
-9594
-9629
-9632
-9689
-9690
-9693
-9742
-9764
-9766
-9826
