-9944
-9871
-9818
-9800
-9708
-9631
-9609
-9583
-9566
-9563
-9558
-9557
-9530
-9526
-9515
-9510
-9486
-9480
-9474
-9385
-9366
-9346
-9334
-9334
-9322
-9315
-9308
-9306
-9286
-9279
-9275
-9255
-9239
-9236
-9232
-9209
-9201
-9200
-9195
-9170
-9157
-9154
-9154
-9130
-9127
-9127
-9088
-9076
-9054
-9039
-9038
-9035
-9010
-8998
-8994
-8991
-8965
-8963
-8949
-8933
-8923
-8923
-8922
-8908
-8905
-8887
-8885
-8872
-8870
-8864
-8863
-8831
-8831
-8823
-8809
-8804
-8801
-8800
-8795
-8788
-8780
-8780
-8774
-8758
-8757
-8756
-8754
-8754
-8747
-8737
-8735
-8735
-8732
-8722
-8710
-8705
-8703
-8684
-8684
-8681
-8680
-8677
-8646
-8633
-8627
-8610
-8606
-8600
-8587
-8580
-8579
-8573
-8564
-8563
-8556
-8552
-8544
-8520
-8520
-8517
-8515
-8511
-8492
-8481
-8467
-8466
-8464
-8458
-8445
-8432
-8421
-8421
-8414
-8405
-8403
-8399
-8399
-8394
-8393
-8392
-8387
-8377
-8374
-8373
-8372
-8362
-8343
-8334
-8328
-8327
-8318
-8317
-8315
-8305
-8303
-8295
-8294
-8290
-8287
-8275
-8267
-8262
-8256
-8253
-8253
-8251
-8229
-8223
-8218
-8213
-8211
-8187
-8185
-8183
-8171
-8170
-8165
-8162
-8140
-8139
-8136
-8130
-8116
-8107
-8101
-8092
-8090
-8089
-8087
-8084
-8072
-8070
-8070
-8067
-8064
-8056
-8053
-8051
-8048
-8047
-8039
-8039
-8038
-8033
-8029
-8029
-8027
-8026
-8024
-8005
-8004
-8004
-7996
-7996
-7996
-7993
-7992
-7983
-7981
-7971
-7970
-7970
-7969
-7967
-7963
-7960
-7957
-7949
-7939
-7934
-7930
-7930
-7927
-7921
-7918
-7918
-7915
-7906
-7905
-7904
-7900
-7896
-7894
-7892
-7882
-7859
-7857
-7853
-7852
-7849
-7846
-7844
-7844
-7842
-7837
-7834
-7827
-7819
-7815
-7813
-7807
-7797
-7787
-7785
-7785
-7784
-7781
-7781
-7776
-7776
-7774
-7768
-7768
-7765
-7751
-7744
-7743
-7742
-7727
-7727
-7726
-7725
-7724
-7720
-7717
-7717
-7702
-7677
-7668
-7658
-7651
-7649
-7648
-7643
-7641
-7638
-7634
-7629
-7627
-7627
-7616
-7611
-7609
-7604
-7598
-7598
-7594
-7590
-7587
-7583
-7581
-7577
-7575
-7573
-7573
-7562
-7559
-7557
-7555
-7527
-7526
-7526
-7514
-7502
-7499
-7498
-7488
-7483
-7480
-7478
-7469
-7467
-7462
-7456
-7456
-7450
-7445
-7440
-7431
-7430
-7430
-7425
-7423
-7420
-7419
-7417
-7417
-7415
-7414
-7413
-7409
-7409
-7406
-7400
-7397
-7394
-7388
-7385
-7385
-7378
-7377
-7376
-7372
-7371
-7369
-7367
-7365
-7364
-7359
-7358
-7351
-7343
-7326
-7320
-7313
-7309
-7297
-7292
-7282
-7281
-7261
-7259
-7250
-7250
-7248
-7248
-7241
-7236
-7232
-7230
-7228
-7224
-7218
-7212
-7211
-7209
-7207
-7204
-7198
-7193
-7191
-7190
-7189
-7186
-7185
-7185
-7184
-7183
-7180
-7176
-7175
-7160
-7158
-7156
-7153
-7148
-7147
-7143
-7132
-7131
-7130
-7128
-7125
-7121
-7114
-7107
-7097
-7096
-7095
-7093
-7092
-7089
-7087
-7083
-7080
-7079
-7077
-7073
-7069
-7067
-7067
-7067
-7065
-7055
-7049
-7047
-7044
-7043
-7035
-7024
-7024
-7019
-7016
-7010
-7009
-7000
-6997
-6995
-6993
-6993
-6991
-6980
-6976
-6972
-6972
-6971
-6970
-6962
-6958
-6957
-6955
-6953
-6948
-6946
-6945
-6938
-6936
-6936
-6933
-6929
-6929
-6925
-6920
-6916
-6906
-6904
-6904
-6898
-6892
-6892
-6892
-6890
-6883
-6879
-6877
-6874
-6874
-6869
-6869
-6867
-6862
-6860
-6859
-6856
-6855
-6854
-6854
-6851
-6850
-6845
-6845
-6831
-6827
-6827
-6820
-6816
-6813
-6812
-6810
-6807
-6803
-6802
-6794
-6788
-6781
-6779
-6775
-6766
-6766
-6766
-6761
-6761
-6758
-6758
-6757
-6754
-6751
-6744
-6738
-6735
-6733
-6731
-6730
-6723
-6716
-6715
-6714
-6714
-6713
-6711
-6711
-6706
-6695
-6694
-6694
-6692
-6689
-6688
-6687
-6685
-6685
-6674
-6674
-6673
-6670
-6664
-6661
-6660
-6651
-6649
-6646
-6645
-6641
-6639
-6631
-6616
-6612
-6606
-6605
-6605
-6602
-6595
-6595
-6589
-6587
-6587
-6587
-6587
-6585
-6581
-6580
-6578
-6576
-6573
-6573
-6568
-6564
-6563
-6562
-6561
-6558
-6554
-6551
-6550
-6549
-6543
-6542
-6541
-6531
-6529
-6528
-6528
-6516
-6514
-6514
-6513
-6506
-6505
-6505
-6504
-6497
-6496
-6489
-6483
-6482
-6478
-6478
-6476
-6473
-6470
-6469
-6468
-6468
-6464
-6463
-6462
-6461
-6457
-6457
-6456
-6454
-6453
-6449
-6444
-6441
-6439
-6438
-6435
-6433
-6432
-6431
-6427
-6422
-6413
-6407
-6407
-6406
-6404
-6403
-6402
-6399
-6395
-6393
-6392
-6389
-6386
-6384
-6381
-6377
-6374
-6373
-6372
-6372
-6369
-6369
-6367
-6366
-6364
-6358
-6357
-6356
-6355
-6353
-6353
-6353
-6352
-6349
-6346
-6344
-6344
-6344
-6343
-6343
-6342
-6342
-6339
-6337
-6324
-6322
-6321
-6306
-6305
-6302
-6301
-6297
-6297
-6296
-6293
-6288
-6284
-6283
-6281
-6278
-6276
-6273
-6270
-6270
-6269
-6267
-6261
-6261
-6258
-6251
-6249
-6246
-6246
-6246
-6246
-6240
-6234
-6231
-6231
-6230
-6229
-6227
-6225
-6224
-6223
-6221
-6220
-6217
-6217
-6214
-6213
-6213
-6212
-6210
-6206
-6204
-6202
-6201
-6199
-6197
-6196
-6196
-6194
-6193
-6185
-6182
-6181
-6176
-6174
-6174
-6172
-6171
-6169
-6167
-6155
-6153
-6152
-6152
-6151
-6150
-6149
-6149
-6146
-6141
-6138
-6137
-6135
-6135
-6131
-6131
-6129
-6123
-6123
-6120
-6119
-6118
-6118
-6116
-6115
-6112
-6111
-6111
-6103
-6103
-6099
-6098
-6094
-6093
-6093
-6091
-6090
-6089
-6089
-6079
-6078
-6077
-6073
-6070
-6066
-6055
-6055
-6051
-6043
-6040
-6037
-6036
-6036
-6035
-6035
-6034
-6032
-6031
-6030
-6029
-6024
-6023
-6021
-6019
-6018
-6017
-6015
-6009
-6005
-6004
-5996
-5996
-5995
-5994
-5994
-5991
-5987
-5986
-5983
-5982
-5981
-5971
-5970
-5964
-5958
-5955
-5954
-5952
-5944
-5940
-5937
-5936
-5934
-5931
-5930
-5929
-5928
-5927
-5926
-5925
-5924
-5921
-5914
-5907
-5902
-5901
-5898
-5897
-5894
-5892
-5891
-5883
-5881
-5879
-5878
-5876
-5876
-5871
-5866
-5860
-5853
-5851
-5850
-5845
-5845
-5844
-5842
-5840
-5839
-5837
-5836
-5835
-5834
-5826
-5824
-5822
-5816
-5813
-5812
-5811
-5811
-5809
-5797
-5796
-5793
-5790
-5783
-5777
-5774
-5761
-5760
-5752
-5749
-5748
-5743
-5740
-5738
-5737
-5736
-5734
-5731
-5729
-5728
-5726
-5719
-5715
-5711
-5707
-5704
-5702
-5702
-5701
-5700
-5698
-5697
-5697
-5694
-5693
-5693
-5692
-5689
-5689
-5688
-5687
-5685
-5684
-5684
-5683
-5677
-5676
-5674
-5672
-5667
-5666
-5662
-5660
-5659
-5658
-5658
-5656
-5652
-5643
-5642
-5635
-5634
-5629
-5627
-5624
-5624
-5623
-5621
-5621
-5617
-5616
-5614
-5613
-5611
-5610
-5604
-5604
-5601
-5598
-5596
-5595
-5594
-5592
-5591
-5590
-5589
-5588
-5586
-5580
-5580
-5575
-5571
-5569
-5564
-5563
-5562
-5557
-5555
-5554
-5554
-5553
-5551
-5550
-5550
-5545
-5545
-5540
-5536
-5530
-5529
-5524
-5522
-5515
-5513
-5511
-5510
-5509
-5509
-5506
-5505
-5505
-5504
-5498
-5498
-5492
-5492
-5491
-5490
-5487
-5483
-5480
-5477
-5476
-5471
-5467
-5467
-5466
-5465
-5462
-5458
-5452
-5451
-5451
-5448
-5446
-5443
-5440
-5439
-5436
-5434
-5432
-5430
-5429
-5428
-5420
-5411
-5410
-5410
-5409
-5407
-5403
-5401
-5400
-5398
-5397
-5395
-5394
-5393
-5384
-5383
-5383
-5379
-5376
-5374
-5373
-5372
-5372
-5371
-5370
-5366
-5365
-5365
-5364
-5364
-5345
-5344
-5339
-5338
-5331
-5327
-5326
-5319
-5319
-5318
-5309
-5307
-5307
-5306
-5303
-5300
-5298
-5292
-5292
-5291
-5289
-5286
-5285
-5285
-5279
-5279
-5276
-5274
-5272
-5272
-5271
-5266
-5263
-5262
-5259
-5254
-5254
-5250
-5249
-5249
-5247
-5243
-5243
-5240
-5239
-5227
-5223
-5217
-5213
-5210
-5209
-5207
-5207
-5205
-5203
-5203
-5201
-5195
-5194
-5194
-5192
-5189
-5189
-5188
-5184
-5183
-5183
-5182
-5178
-5177
-5172
-5171
-5167
-5165
-5164
-5162
-5161
-5158
-5157
-5154
-5153
-5148
-5148
-5143
-5142
-5135
-5132
-5129
-5127
-5124
-5121
-5119
-5111
-5110
-5109
-5109
-5107
-5106
-5106
-5105
-5105
-5103
-5103
-5102
-5101
-5100
-5099
-5097
-5095
-5094
-5094
-5094
-5091
-5090
-5090
-5088
-5087
-5086
-5086
-5085
-5084
-5081
-5077
-5077
-5075
-5074
-5074
-5072
-5070
-5070
-5065
-5065
-5065
-5060
-5055
-5051
-5050
-5047
-5047
-5043
-5042
-5041
-5041
-5041
-5040
-5036
-5033
-5031
-5027
-5024
-5023
-5020
-5020
-5019
-5019
-5016
-5014
-5014
-5013
-5011
-5009
-5009
-5008
-5003
-5001
-5000
-4998
-4996
-4994
-4991
-4989
-4988
-4987
-4977
-4977
-4974
-4974
-4968
-4966
-4965
-4964
-4961
-4958
-4956
-4954
-4953
-4952
-4947
-4946
-4942
-4940
-4939
-4937
-4936
-4935
-4935
-4933
-4933
-4931
-4929
-4928
-4928
-4927
-4926
-4919
-4919
-4915
-4914
-4913
-4912
-4909
-4908
-4907
-4907
-4906
-4903
-4900
-4896
-4892
-4889
-4884
-4883
-4882
-4875
-4875
-4875
-4874
-4870
-4867
-4856
-4855
-4855
-4852
-4852
-4849
-4849
-4849
-4846
-4844
-4842
-4841
-4838
-4838
-4835
-4834
-4831
-4831
-4830
-4830
-4829
-4829
-4829
-4827
-4826
-4826
-4825
-4821
-4820
-4816
-4814
-4812
-4808
-4805
-4805
-4805
-4801
-4801
-4800
-4799
-4798
-4798
-4796
-4795
-4795
-4793
-4788
-4786
-4785
-4785
-4785
-4784
-4781
-4778
-4776
-4774
-4773
-4772
-4771
-4770
-4766
-4766
-4765
-4763
-4761
-4761
-4758
-4756
-4755
-4754
-4752
-4751
-4747
-4745
-4744
-4740
-4735
-4735
-4734
-4731
-4728
-4728
-4727
-4727
-4724
-4724
-4722
-4721
-4719
-4717
-4716
-4713
-4712
-4711
-4711
-4709
-4704
-4703
-4702
-4701
-4699
-4696
-4696
-4693
-4691
-4690
-4688
-4687
-4687
-4686
-4681
-4679
-4678
-4678
-4673
-4666
-4664
-4657
-4655
-4652
-4651
-4651
-4650
-4647
-4642
-4636
-4633
-4631
-4629
-4629
-4626
-4621
-4621
-4620
-4620
-4619
-4619
-4613
-4604
-4603
-4602
-4599
-4598
-4598
-4598
-4597
-4594
-4594
-4592
-4592
-4591
-4590
-4590
-4587
-4583
-4583
-4580
-4580
-4576
-4576
-4574
-4573
-4573
-4573
-4570
-4568
-4567
-4566
-4563
-4561
-4561
-4555
-4552
-4551
-4550
-4546
-4546
-4540
-4539
-4537
-4535
-4535
-4534
-4533
-4532
-4529
-4528
-4527
-4520
-4519
-4513
-4510
-4508
-4508
-4501
-4500
-4499
-4498
-4496
-4496
-4496
-4496
-4493
-4493
-4491
-4486
-4486
-4485
-4484
-4482
-4481
-4475
-4475
-4472
-4469
-4468
-4467
-4467
-4466
-4463
-4463
-4462
-4459
-4456
-4454
-4453
-4453
-4452
-4451
-4449
-4448
-4446
-4439
-4436
-4434
-4433
-4431
-4431
-4431
-4429
-4429
-4427
-4424
-4424
-4423
-4423
-4421
-4421
-4421
-4418
-4418
-4416
-4415
-4412
-4410
-4407
-4405
-4403
-4401
-4401
-4401
-4401
-4400
-4400
-4399
-4399
-4399
-4397
-4397
-4397
-4389
-4385
-4383
-4380
-4380
-4379
-4379
-4378
-4378
-4377
-4377
-4376
-4376
-4374
-4374
-4373
-4372
-4369
-4366
-4365
-4365
-4365
-4364
-4363
-4361
-4360
-4360
-4358
-4358
-4358
-4355
-4353
-4348
-4347
-4345
-4344
-4344
-4342
-4340
-4340
-4339
-4339
-4338
-4335
-4334
-4333
-4330
-4330
-4326
-4323
-4320
-4316
-4316
-4313
-4312
-4311
-4310
-4305
-4304
-4301
-4301
-4300
-4295
-4294
-4293
-4292
-4292
-4291
-4287
-4284
-4283
-4283
-4282
-4279
-4276
-4274
-4274
-4274
-4270
-4268
-4266
-4266
-4264
-4262
-4257
-4256
-4251
-4246
-4246
-4246
-4243
-4243
-4243
-4242
-4242
-4240
-4240
-4238
-4235
-4230
-4226
-4226
-4225
-4225
-4224
-4223
-4219
-4218
-4217
-4217
-4217
-4216
-4216
-4215
-4214
-4214
-4212
-4210
-4210
-4208
-4204
-4202
-4201
-4200
-4199
-4198
-4197
-4197
-4196
-4193
-4190
-4182
-4181
-4179
-4176
-4176
-4175
-4174
-4174
-4173
-4173
-4171
-4165
-4164
-4163
-4159
-4159
-4157
-4155
-4154
-4153
-4153
-4151
-4151
-4148
-4144
-4142
-4141
-4140
-4140
-4138
-4134
-4134
-4123
-4122
-4121
-4118
-4117
-4113
-4112
-4108
-4104
-4104
-4103
-4100
-4098
-4095
-4093
-4089
-4087
-4085
-4083
-4081
-4080
-4079
-4079
-4078
-4075
-4075
-4075
-4073
-4072
-4070
-4070
-4067
-4065
-4064
-4063
-4062
-4062
-4060
-4058
-4051
-4050
-4050
-4049
-4048
-4047
-4046
-4045
-4044
-4043
-4039
-4031
-4028
-4024
-4022
-4022
-4020
-4018
-4016
-4016
-4012
-4010
-4009
-4008
-4005
-4005
-4004
-3998
-3994
-3994
-3993
-3992
-3992
-3991
-3990
-3988
-3987
-3986
-3981
-3981
-3977
-3976
-3972
-3971
-3968
-3967
-3965
-3965
-3962
-3962
-3961
-3961
-3959
-3957
-3953
-3950
-3949
-3949
-3948
-3945
-3944
-3941
-3936
-3934
-3933
-3931
-3930
-3930
-3929
-3928
-3926
-3925
-3925
-3925
-3925
-3922
-3920
-3912
-3911
-3910
-3910
-3906
-3906
-3900
-3899
-3897
-3896
-3894
-3893
-3890
-3890
-3886
-3884
-3884
-3883
-3877
-3876
-3874
-3873
-3869
-3867
-3863
-3860
-3860
-3859
-3858
-3857
-3856
-3854
-3854
-3849
-3848
-3848
-3847
-3838
-3837
-3835
-3834
-3833
-3830
-3829
-3828
-3828
-3826
-3825
-3823
-3823
-3821
-3816
-3814
-3814
-3814
-3813
-3813
-3812
-3810
-3808
-3807
-3806
-3804
-3803
-3803
-3801
-3800
-3799
-3796
-3795
-3793
-3790
-3786
-3785
-3784
-3784
-3784
-3784
-3783
-3781
-3781
-3780
-3779
-3778
-3778
-3770
-3768
-3767
-3766
-3765
-3764
-3761
-3761
-3760
-3760
-3760
-3759
-3758
-3757
-3756
-3755
-3752
-3750
-3750
-3749
-3747
-3746
-3746
-3740
-3739
-3739
-3737
-3734
-3733
-3733
-3731
-3729
-3728
-3724
-3723
-3722
-3721
-3719
-3718
-3718
-3716
-3715
-3715
-3714
-3711
-3710
-3708
-3706
-3705
-3704
-3703
-3703
-3703
-3702
-3702
-3701
-3700
-3699
-3698
-3695
-3693
-3692
-3692
-3690
-3690
-3688
-3687
-3686
-3685
-3684
-3682
-3682
-3681
-3676
-3670
-3669
-3668
-3665
-3665
-3663
-3661
-3660
-3658
-3658
-3658
-3657
-3654
-3653
-3649
-3649
-3648
-3644
-3643
-3641
-3640
-3639
-3638
-3637
-3634
-3632
-3627
-3618
-3618
-3617
-3616
-3615
-3614
-3612
-3612
-3611
-3610
-3608
-3606
-3605
-3603
-3601
-3600
-3596
-3596
-3594
-3593
-3592
-3592
-3592
-3590
-3590
-3589
-3585
-3583
-3583
-3582
-3582
-3581
-3580
-3580
-3576
-3575
-3570
-3568
-3563
-3560
-3560
-3559
-3557
-3557
-3557
-3556
-3555
-3554
-3554
-3553
-3551
-3548
-3543
-3536
-3535
-3535
-3530
-3527
-3526
-3526
-3525
-3524
-3521
-3521
-3521
-3520
-3519
-3517
-3516
-3514
-3511
-3509
-3508
-3508
-3507
-3505
-3504
-3501
-3499
-3497
-3497
-3496
-3493
-3492
-3491
-3491
-3484
-3481
-3481
-3480
-3475
-3475
-3475
-3474
-3473
-3471
-3470
-3470
-3469
-3467
-3466
-3464
-3457
-3455
-3450
-3447
-3447
-3446
-3443
-3442
-3441
-3440
-3438
-3438
-3435
-3434
-3433
-3431
-3428
-3428
-3425
-3420
-3417
-3417
-3415
-3412
-3412
-3410
-3410
-3408
-3407
-3406
-3405
-3404
-3402
-3401
-3394
-3390
-3389
-3387
-3384
-3384
-3383
-3382
-3381
-3380
-3379
-3375
-3375
-3373
-3371
-3370
-3369
-3368
-3367
-3366
-3366
-3365
-3363
-3360
-3360
-3359
-3359
-3354
-3354
-3351
-3346
-3345
-3345
-3343
-3339
-3339
-3338
-3338
-3337
-3337
-3337
-3337
-3336
-3335
-3335
-3333
-3332
-3329
-3328
-3328
-3325
-3325
-3322
-3317
-3317
-3317
-3311
-3310
-3309
-3307
-3304
-3303
-3303
-3301
-3299
-3293
-3288
-3286
-3285
-3284
-3284
-3283
-3282
-3282
-3279
-3278
-3276
-3274
-3272
-3270
-3269
-3269
-3269
-3268
-3267
-3267
-3263
-3262
-3260
-3260
-3259
-3258
-3257
-3255
-3255
-3255
-3254
-3253
-3253
-3250
-3250
-3247
-3247
-3245
-3244
-3241
-3239
-3239
-3238
-3235
-3230
-3228
-3227
-3226
-3226
-3225
-3224
-3221
-3220
-3218
-3217
-3216
-3215
-3214
-3209
-3209
-3209
-3207
-3201
-3197
-3193
-3190
-3187
-3186
-3185
-3185
-3184
-3180
-3179
-3177
-3175
-3170
-3167
-3167
-3163
-3163
-3162
-3159
-3158
-3158
-3157
-3151
-3149
-3149
-3147
-3147
-3145
-3145
-3142
-3141
-3141
-3140
-3140
-3140
-3139
-3138
-3138
-3136
-3136
-3136
-3134
-3132
-3131
-3127
-3125
-3124
-3122
-3121
-3120
-3119
-3116
-3115
-3114
-3114
-3112
-3108
-3108
-3106
-3106
-3106
-3106
-3105
-3100
-3098
-3096
-3093
-3093
-3091
-3091
-3090
-3090
-3089
-3089
-3087
-3086
-3086
-3085
-3082
-3079
-3078
-3076
-3075
-3075
-3072
-3071
-3071
-3070
-3069
-3068
-3067
-3060
-3058
-3058
-3057
-3051
-3046
-3045
-3044
-3044
-3044
-3041
-3039
-3039
-3039
-3036
-3036
-3034
-3030
-3027
-3021
-3020
-3009
-3008
-3007
-3005
-3005
-3002
-3002
-3001
-2999
-2999
-2998
-2996
-2992
-2990
-2990
-2988
-2982
-2978
-2978
-2978
-2969
-2969
-2969
-2968
-2967
-2966
-2965
-2964
-2963
-2961
-2961
-2961
-2961
-2960
-2960
-2958
-2957
-2956
-2956
-2954
-2952
-2951
-2950
-2950
-2950
-2949
-2945
-2943
-2942
-2939
-2938
-2938
-2936
-2936
-2934
-2934
-2931
-2927
-2926
-2926
-2925
-2925
-2924
-2921
-2921
-2920
-2919
-2918
-2917
-2917
-2917
-2917
-2915
-2915
-2914
-2912
-2912
-2909
-2909
-2909
-2908
-2908
-2908
-2906
-2906
-2903
-2903
-2902
-2901
-2900
-2899
-2895
-2894
-2891
-2889
-2889
-2886
-2884
-2882
-2880
-2875
-2873
-2873
-2868
-2864
-2861
-2861
-2861
-2861
-2858
-2858
-2856
-2855
-2853
-2853
-2853
-2850
-2849
-2848
-2847
-2847
-2847
-2846
-2844
-2841
-2840
-2840
-2839
-2839
-2837
-2836
-2835
-2832
-2831
-2828
-2827
-2827
-2825
-2823
-2819
-2817
-2817
-2817
-2817
-2815
-2814
-2813
-2813
-2811
-2810
-2810
-2809
-2809
-2807
-2805
-2805
-2804
-2804
-2803
-2800
-2799
-2797
-2797
-2796
-2796
-2795
-2794
-2791
-2791
-2790
-2790
-2787
-2787
-2787
-2785
-2784
-2781
-2780
-2779
-2777
-2776
-2776
-2775
-2773
-2770
-2770
-2770
-2768
-2767
-2765
-2764
-2764
-2763
-2762
-2761
-2757
-2757
-2757
-2756
-2752
-2752
-2750
-2748
-2747
-2746
-2741
-2741
-2738
-2737
-2735
-2734
-2729
-2728
-2727
-2726
-2725
-2725
-2724
-2722
-2721
-2719
-2719
-2718
-2717
-2713
-2709
-2709
-2709
-2708
-2707
-2707
-2707
-2704
-2700
-2700
-2699
-2699
-2699
-2698
-2698
-2695
-2691
-2690
-2687
-2686
-2686
-2683
-2682
-2679
-2678
-2677
-2676
-2674
-2672
-2668
-2667
-2667
-2666
-2664
-2664
-2664
-2663
-2660
-2660
-2660
-2659
-2659
-2658
-2657
-2657
-2656
-2655
-2655
-2655
-2654
-2653
-2652
-2651
-2649
-2647
-2646
-2646
-2645
-2645
-2643
-2642
-2639
-2634
-2631
-2630
-2629
-2627
-2623
-2623
-2622
-2620
-2618
-2617
-2617
-2617
-2612
-2611
-2610
-2610
-2605
-2603
-2603
-2601
-2601
-2600
-2599
-2598
-2595
-2594
-2592
-2591
-2591
-2589
-2588
-2588
-2588
-2587
-2586
-2586
-2586
-2584
-2579
-2576
-2575
-2573
-2572
-2570
-2569
-2568
-2566
-2565
-2562
-2557
-2557
-2557
-2555
-2554
-2553
-2553
-2552
-2550
-2550
-2547
-2546
-2545
-2543
-2541
-2539
-2537
-2537
-2536
-2533
-2532
-2531
-2530
-2527
-2525
-2525
-2523
-2522
-2521
-2520
-2514
-2513
-2513
-2512
-2511
-2509
-2507
-2507
-2504
-2503
-2502
-2502
-2500
-2497
-2495
-2495
-2494
-2487
-2484
-2481
-2477
-2477
-2474
-2473
-2473
-2472
-2470
-2469
-2469
-2469
-2468
-2467
-2467
-2466
-2465
-2464
-2461
-2461
-2459
-2458
-2458
-2458
-2456
-2456
-2455
-2455
-2455
-2454
-2454
-2452
-2450
-2448
-2448
-2447
-2446
-2443
-2442
-2442
-2441
-2441
-2441
-2439
-2438
-2438
-2437
-2437
-2435
-2432
-2432
-2427
-2427
-2427
-2424
-2423
-2420
-2419
-2415
-2415
-2410
-2408
-2408
-2405
-2404
-2402
-2398
-2398
-2396
-2396
-2395
-2391
-2390
-2388
-2386
-2386
-2385
-2383
-2383
-2381
-2380
-2379
-2379
-2377
-2377
-2377
-2376
-2376
-2373
-2373
-2372
-2365
-2362
-2362
-2362
-2362
-2361
-2360
-2359
-2359
-2358
-2358
-2356
-2350
-2348
-2347
-2347
-2345
-2344
-2344
-2342
-2341
-2341
-2338
-2336
-2335
-2335
-2334
-2324
-2324
-2319
-2313
-2313
-2311
-2311
-2303
-2296
-2293
-2290
-2289
-2288
-2288
-2287
-2286
-2286
-2286
-2286
-2286
-2284
-2284
-2282
-2278
-2276
-2270
-2268
-2267
-2267
-2265
-2263
-2263
-2260
-2258
-2258
-2255
-2251
-2250
-2245
-2244
-2243
-2242
-2242
-2240
-2239
-2236
-2235
-2235
-2235
-2231
-2229
-2228
-2228
-2228
-2228
-2224
-2222
-2222
-2222
-2220
-2220
-2219
-2219
-2217
-2215
-2213
-2213
-2210
-2209
-2209
-2208
-2201
-2199
-2198
-2198
-2196
-2195
-2195
-2195
-2195
-2191
-2191
-2191
-2189
-2188
-2188
-2185
-2183
-2182
-2182
-2181
-2178
-2176
-2174
-2173
-2172
-2171
-2167
-2165
-2164
-2164
-2160
-2159
-2159
-2156
-2154
-2152
-2152
-2152
-2151
-2150
-2150
-2149
-2149
-2148
-2147
-2144
-2142
-2140
-2137
-2135
-2134
-2134
-2128
-2126
-2123
-2122
-2122
-2120
-2120
-2119
-2113
-2109
-2109
-2107
-2107
-2105
-2103
-2103
-2102
-2101
-2098
-2097
-2093
-2091
-2091
-2091
-2090
-2089
-2087
-2086
-2086
-2085
-2084
-2080
-2079
-2078
-2078
-2077
-2077
-2076
-2075
-2075
-2070
-2070
-2070
-2069
-2068
-2067
-2067
-2067
-2063
-2062
-2062
-2061
-2059
-2059
-2059
-2057
-2055
-2054
-2054
-2054
-2053
-2052
-2050
-2048
-2048
-2047
-2047
-2047
-2045
-2045
-2044
-2042
-2042
-2042
-2039
-2038
-2038
-2034
-2034
-2034
-2034
-2033
-2030
-2029
-2029
-2026
-2024
-2022
-2022
-2021
-2021
-2021
-2017
-2017
-2017
-2016
-2015
-2009
-2009
-2006
-2006
-2005
-2005
-2005
-2005
-2005
-2005
-2000
-1998
-1998
-1997
-1997
-1996
-1993
-1993
-1990
-1990
-1989
-1989
-1989
-1988
-1986
-1986
-1985
-1985
-1983
-1983
-1982
-1982
-1982
-1976
-1976
-1975
-1975
-1974
-1968
-1967
-1967
-1966
-1965
-1962
-1962
-1962
-1961
-1961
-1958
-1958
-1954
-1954
-1954
-1953
-1951
-1951
-1950
-1950
-1949
-1949
-1948
-1948
-1947
-1945
-1944
-1944
-1944
-1943
-1941
-1941
-1941
-1940
-1940
-1938
-1938
-1937
-1936
-1935
-1934
-1933
-1931
-1928
-1927
-1927
-1926
-1926
-1926
-1924
-1924
-1922
-1920
-1919
-1918
-1918
-1917
-1916
-1916
-1916
-1915
-1912
-1911
-1909
-1907
-1906
-1905
-1904
-1903
-1900
-1898
-1897
-1896
-1894
-1891
-1890
-1886
-1886
-1885
-1882
-1881
-1880
-1879
-1874
-1874
-1873
-1873
-1871
-1869
-1868
-1866
-1865
-1865
-1865
-1862
-1862
-1860
-1859
-1859
-1859
-1858
-1857
-1856
-1853
-1851
-1849
-1849
-1848
-1847
-1846
-1845
-1845
-1845
-1843
-1843
-1843
-1842
-1840
-1839
-1838
-1837
-1837
-1832
-1831
-1831
-1831
-1830
-1829
-1828
-1828
-1828
-1827
-1827
-1823
-1822
-1822
-1821
-1820
-1814
-1814
-1813
-1813
-1811
-1810
-1809
-1808
-1807
-1803
-1803
-1800
-1800
-1798
-1797
-1797
-1796
-1795
-1794
-1794
-1791
-1791
-1791
-1790
-1789
-1789
-1789
-1788
-1788
-1786
-1784
-1783
-1783
-1783
-1782
-1782
-1782
-1782
-1782
-1780
-1778
-1777
-1776
-1776
-1776
-1775
-1774
-1774
-1772
-1771
-1771
-1771
-1770
-1770
-1767
-1767
-1766
-1766
-1765
-1764
-1763
-1761
-1760
-1758
-1757
-1756
-1756
-1755
-1755
-1753
-1753
-1752
-1750
-1750
-1749
-1748
-1745
-1745
-1744
-1744
-1742
-1741
-1737
-1736
-1734
-1734
-1732
-1732
-1731
-1731
-1731
-1730
-1730
-1728
-1727
-1726
-1726
-1724
-1723
-1721
-1718
-1717
-1717
-1716
-1714
-1712
-1711
-1711
-1711
-1710
-1710
-1709
-1706
-1705
-1704
-1703
-1702
-1702
-1700
-1696
-1694
-1693
-1692
-1692
-1692
-1690
-1690
-1689
-1687
-1685
-1683
-1683
-1683
-1678
-1678
-1677
-1676
-1675
-1673
-1669
-1667
-1667
-1666
-1666
-1661
-1661
-1660
-1658
-1657
-1656
-1653
-1652
-1652
-1652
-1651
-1649
-1647
-1646
-1645
-1644
-1644
-1643
-1642
-1635
-1633
-1631
-1630
-1629
-1629
-1628
-1628
-1627
-1626
-1626
-1625
-1624
-1624
-1622
-1620
-1617
-1616
-1614
-1613
-1613
-1611
-1611
-1609
-1608
-1605
-1605
-1603
-1602
-1600
-1600
-1599
-1599
-1599
-1596
-1596
-1595
-1595
-1592
-1591
-1591
-1587
-1587
-1586
-1581
-1580
-1580
-1577
-1574
-1573
-1572
-1571
-1570
-1569
-1569
-1568
-1568
-1567
-1565
-1564
-1564
-1562
-1561
-1560
-1560
-1560
-1557
-1557
-1556
-1556
-1556
-1554
-1554
-1551
-1551
-1551
-1550
-1549
-1547
-1546
-1545
-1545
-1544
-1544
-1543
-1543
-1542
-1540
-1535
-1535
-1534
-1534
-1533
-1533
-1532
-1528
-1528
-1527
-1527
-1525
-1525
-1524
-1522
-1521
-1519
-1519
-1515
-1514
-1513
-1509
-1509
-1508
-1507
-1505
-1505
-1503
-1503
-1502
-1501
-1498
-1497
-1496
-1496
-1496
-1494
-1494
-1494
-1494
-1490
-1489
-1488
-1488
-1488
-1488
-1486
-1486
-1484
-1483
-1483
-1483
-1482
-1479
-1479
-1477
-1477
-1477
-1474
-1474
-1471
-1471
-1467
-1467
-1466
-1464
-1461
-1459
-1456
-1456
-1454
-1454
-1453
-1452
-1452
-1451
-1450
-1450
-1449
-1448
-1448
-1447
-1445
-1444
-1443
-1442
-1442
-1442
-1441
-1439
-1439
-1438
-1434
-1431
-1430
-1426
-1425
-1424
-1421
-1421
-1421
-1421
-1420
-1419
-1419
-1418
-1417
-1415
-1412
-1411
-1409
-1409
-1408
-1408
-1407
-1406
-1404
-1403
-1401
-1394
-1394
-1394
-1394
-1393
-1392
-1390
-1390
-1389
-1387
-1386
-1386
-1384
-1383
-1382
-1381
-1381
-1379
-1379
-1378
-1377
-1377
-1377
-1376
-1374
-1373
-1372
-1367
-1366
-1363
-1362
-1361
-1361
-1361
-1360
-1360
-1356
-1355
-1355
-1354
-1352
-1352
-1351
-1351
-1351
-1350
-1349
-1349
-1348
-1348
-1346
-1346
-1342
-1341
-1341
-1340
-1339
-1339
-1337
-1336
-1333
-1331
-1329
-1327
-1324
-1324
-1324
-1323
-1322
-1321
-1321
-1321
-1316
-1315
-1315
-1314
-1312
-1309
-1309
-1308
-1305
-1304
-1304
-1302
-1300
-1300
-1299
-1295
-1293
-1291
-1290
-1289
-1288
-1285
-1284
-1284
-1284
-1283
-1283
-1282
-1281
-1281
-1280
-1279
-1278
-1278
-1278
-1277
-1277
-1274
-1274
-1273
-1272
-1270
-1268
-1267
-1266
-1266
-1266
-1265
-1264
-1262
-1262
-1262
-1262
-1261
-1260
-1258
-1257
-1255
-1253
-1250
-1250
-1249
-1246
-1240
-1240
-1237
-1234
-1229
-1229
-1228
-1227
-1226
-1226
-1224
-1223
-1222
-1217
-1217
-1216
-1215
-1214
-1213
-1212
-1212
-1212
-1210
-1209
-1208
-1207
-1207
-1206
-1203
-1203
-1202
-1200
-1199
-1199
-1198
-1197
-1197
-1194
-1190
-1188
-1186
-1186
-1184
-1184
-1183
-1180
-1179
-1178
-1177
-1177
-1176
-1176
-1174
-1173
-1171
-1169
-1168
-1167
-1165
-1164
-1164
-1164
-1162
-1162
-1162
-1158
-1157
-1157
-1156
-1156
-1156
-1153
-1152
-1152
-1151
-1151
-1149
-1148
-1147
-1146
-1145
-1144
-1144
-1142
-1140
-1138
-1136
-1135
-1134
-1134
-1134
-1133
-1132
-1132
-1131
-1128
-1128
-1128
-1127
-1126
-1125
-1124
-1123
-1122
-1120
-1119
-1118
-1118
-1117
-1117
-1114
-1111
-1110
-1108
-1107
-1107
-1107
-1106
-1106
-1104
-1103
-1102
-1101
-1101
-1100
-1099
-1098
-1097
-1097
-1097
-1096
-1094
-1093
-1091
-1089
-1089
-1088
-1088
-1087
-1087
-1086
-1085
-1085
-1084
-1082
-1081
-1081
-1075
-1073
-1071
-1069
-1069
-1068
-1068
-1067
-1064
-1064
-1060
-1060
-1056
-1055
-1053
-1050
-1049
-1049
-1048
-1042
-1041
-1038
-1036
-1036
-1035
-1035
-1034
-1033
-1033
-1032
-1027
-1026
-1026
-1025
-1020
-1019
-1017
-1014
-1014
-1013
-1013
-1012
-1010
-1010
-1009
-1008
-1007
-1007
-1007
-1005
-1005
-1005
-1003
-1001
-1000
-1000
-999
-999
-999
-998
-998
-998
-998
-997
-996
-996
-996
-993
-993
-992
-992
-991
-990
-990
-989
-989
-987
-987
-986
-986
-985
-984
-982
-982
-981
-980
-978
-978
-977
-976
-975
-975
-973
-973
-973
-969
-969
-969
-968
-966
-965
-962
-959
-958
-956
-956
-955
-953
-952
-952
-949
-949
-949
-947
-947
-946
-946
-944
-943
-941
-941
-940
-937
-937
-937
-936
-936
-935
-935
-935
-933
-930
-929
-929
-927
-927
-927
-924
-923
-922
-921
-921
-920
-919
-918
-918
-917
-915
-914
-912
-909
-907
-905
-905
-904
-903
-902
-900
-900
-898
-898
-897
-895
-895
-893
-892
-891
-891
-889
-888
-886
-884
-883
-883
-883
-882
-882
-880
-879
-878
-878
-876
-874
-872
-870
-870
-870
-870
-869
-869
-868
-866
-865
-864
-863
-863
-862
-861
-859
-859
-857
-852
-850
-849
-848
-847
-847
-844
-843
-840
-839
-838
-836
-835
-835
-834
-833
-833
-831
-828
-828
-826
-826
-825
-822
-822
-818
-816
-816
-815
-814
-812
-812
-811
-811
-810
-810
-808
-804
-801
-801
-800
-799
-798
-797
-795
-794
-793
-791
-790
-789
-788
-786
-785
-785
-783
-781
-779
-779
-779
-771
-770
-769
-768
-768
-766
-766
-766
-764
-764
-760
-760
-758
-757
-757
-757
-757
-756
-755
-754
-754
-754
-753
-752
-752
-751
-749
-749
-747
-746
-746
-744
-744
-743
-743
-743
-740
-739
-736
-735
-734
-732
-732
-731
-729
-728
-727
-727
-725
-722
-722
-721
-721
-720
-718
-715
-714
-714
-714
-714
-714
-713
-712
-710
-710
-709
-708
-708
-707
-707
-706
-706
-706
-706
-705
-704
-702
-701
-699
-697
-696
-696
-695
-694
-693
-693
-691
-691
-691
-689
-685
-685
-683
-683
-682
-681
-679
-678
-677
-676
-675
-674
-674
-673
-672
-670
-668
-667
-664
-664
-663
-662
-658
-657
-657
-656
-654
-652
-652
-651
-651
-650
-650
-650
-649
-647
-645
-643
-642
-642
-641
-640
-639
-634
-634
-631
-631
-626
-625
-625
-624
-624
-623
-623
-622
-621
-619
-619
-619
-618
-615
-613
-613
-612
-611
-610
-610
-610
-610
-609
-607
-605
-603
-602
-600
-599
-597
-594
-594
-594
-594
-593
-592
-590
-590
-588
-586
-585
-584
-584
-583
-583
-582
-581
-581
-581
-580
-579
-576
-575
-571
-569
-565
-565
-564
-563
-560
-560
-557
-557
-553
-552
-546
-546
-545
-545
-543
-543
-543
-541
-540
-540
-536
-535
-535
-535
-533
-531
-530
-530
-529
-526
-525
-523
-523
-522
-521
-520
-518
-517
-516
-516
-515
-515
-514
-513
-512
-511
-510
-506
-506
-506
-505
-503
-503
-503
-500
-499
-498
-497
-496
-492
-492
-489
-487
-486
-486
-482
-481
-480
-480
-479
-479
-478
-476
-476
-476
-475
-475
-474
-473
-466
-463
-461
-459
-459
-457
-454
-453
-451
-450
-449
-449
-447
-443
-441
-441
-441
-440
-439
-439
-438
-435
-435
-434
-434
-433
-431
-430
-427
-427
-427
-425
-424
-424
-422
-422
-421
-420
-419
-418
-417
-416
-415
-413
-413
-412
-411
-411
-411
-411
-409
-408
-408
-406
-406
-405
-405
-403
-402
-401
-400
-398
-397
-396
-396
-392
-392
-391
-389
-385
-384
-383
-382
-382
-381
-381
-381
-377
-375
-375
-373
-371
-370
-370
-369
-368
-367
-367
-365
-363
-360
-358
-356
-356
-356
-354
-353
-351
-350
-350
-347
-346
-341
-339
-337
-335
-332
-331
-330
-329
-329
-328
-327
-325
-324
-324
-324
-324
-323
-321
-320
-318
-318
-318
-318
-318
-314
-312
-312
-310
-308
-305
-304
-303
-302
-300
-300
-299
-299
-298
-298
-297
-294
-294
-293
-293
-292
-291
-290
-290
-289
-288
-287
-286
-284
-282
-279
-278
-278
-278
-278
-272
-271
-267
-266
-265
-264
-263
-263
-262
-262
-260
-260
-259
-258
-256
-256
-255
-253
-253
-251
-250
-250
-250
-249
-246
-245
-245
-244
-244
-244
-243
-242
-242
-242
-241
-241
-240
-240
-239
-238
-236
-234
-234
-233
-232
-231
-231
-231
-230
-228
-227
-224
-224
-223
-223
-223
-223
-223
-221
-221
-217
-215
-214
-213
-212
-212
-211
-211
-210
-209
-208
-207
-205
-205
-205
-204
-204
-202
-201
-200
-199
-199
-199
-198
-198
-197
-196
-196
-196
-195
-194
-194
-194
-193
-192
-191
-189
-188
-188
-188
-187
-186
-186
-185
-185
-183
-183
-181
-179
-179
-178
-178
-174
-172
-171
-171
-168
-168
-168
-165
-165
-164
-164
-164
-163
-163
-163
-162
-162
-161
-161
-161
-160
-158
-158
-157
-157
-155
-154
-154
-152
-151
-150
-149
-147
-146
-145
-143
-142
-142
-141
-140
-139
-138
-137
-136
-135
-134
-133
-132
-132
-131
-130
-128
-128
-128
-125
-123
-123
-123
-123
-121
-120
-120
-119
-119
-117
-117
-116
-116
-114
-114
-112
-111
-111
-111
-110
-110
-110
-110
-109
-109
-108
-106
-105
-105
-104
-104
-103
-100
-96
-94
-94
-93
-92
-89
-88
-88
-88
-88
-86
-86
-86
-85
-85
-85
-84
-84
-84
-80
-79
-77
-77
-76
-75
-73
-73
-73
-72
-71
-71
-70
-68
-66
-65
-64
-63
-63
-62
-62
-61
-58
-58
-55
-54
-53
-53
-52
-52
-52
-50
-49
-48
-48
-47
-47
-46
-46
-44
-44
-43
-42
-41
-41
-41
-40
-40
-39
-38
-38
-35
-32
-32
-32
-32
-32
-27
-26
-26
-24
-24
-24
-22
-20
-19
-17
-15
-15
-15
-14
-11
-11
-9
-7
-4
-4
-2
-1
1
2
4
6
6
7
7
8
8
9
10
11
13
14
18
19
19
20
22
22
23
24
25
25
25
26
27
28
28
28
30
31
32
32
34
35
37
37
41
43
43
45
45
46
48
49
51
51
52
54
54
54
54
56
58
58
61
63
66
66
68
68
69
72
72
72
72
74
74
75
76
77
77
78
78
80
80
80
81
82
84
85
85
86
87
88
88
89
90
91
91
92
92
93
94
94
94
95
96
96
97
97
97
98
99
100
100
101
101
102
103
103
103
104
107
108
108
111
112
112
113
113
113
114
115
116
117
117
120
121
123
123
125
126
126
128
131
132
132
132
134
134
135
135
135
136
136
138
140
142
142
144
145
146
149
149
149
156
157
158
158
160
163
163
164
165
166
168
169
169
173
175
175
177
183
184
184
184
185
186
187
187
189
190
194
195
196
198
198
201
201
202
204
204
206
206
206
207
207
208
208
209
210
211
212
212
214
215
215
217
217
220
221
223
223
223
223
225
225
228
228
230
230
230
232
232
232
233
234
236
237
238
238
243
243
244
246
247
247
254
254
255
256
258
258
259
259
260
261
261
262
264
264
264
265
268
269
269
270
270
270
271
272
275
277
277
278
279
280
280
280
281
282
285
285
285
286
286
286
288
288
289
289
290
290
292
293
293
295
295
295
296
296
297
297
298
299
301
303
304
306
306
306
307
310
310
311
312
316
319
321
321
322
324
326
327
328
328
330
333
335
335
336
338
341
342
344
344
346
346
350
350
350
351
351
351
351
353
354
354
355
355
356
356
356
358
358
359
360
362
362
364
365
366
366
366
370
370
371
372
373
374
375
375
378
380
380
383
389
390
391
391
392
392
393
393
394
396
396
397
398
399
399
402
403
405
405
408
409
409
409
410
410
412
412
415
415
415
415
416
417
417
417
418
418
418
419
419
419
420
421
421
421
422
424
424
426
426
427
429
430
431
434
435
435
435
435
436
437
441
441
442
442
442
443
444
444
445
447
448
448
448
449
450
450
450
451
451
453
454
454
455
456
456
457
458
459
460
461
462
462
462
464
466
466
467
468
468
469
470
470
470
471
472
474
476
477
477
477
477
478
479
479
480
481
481
487
488
489
489
490
491
491
493
494
494
497
498
498
498
498
503
504
504
507
509
509
510
511
512
514
516
516
517
518
518
519
520
520
520
520
521
521
522
526
526
530
532
533
535
536
536
537
538
538
538
538
539
541
542
542
542
543
543
544
545
546
547
547
548
549
549
549
550
551
551
554
554
555
557
558
560
560
560
561
562
562
563
568
570
570
570
570
570
571
573
574
574
575
578
579
580
580
583
585
585
585
586
587
588
589
590
590
591
591
591
594
596
600
601
601
602
603
607
607
609
612
614
614
615
615
620
622
623
624
625
625
627
628
628
630
630
631
633
634
634
637
641
643
643
645
646
647
648
649
649
650
652
654
655
659
659
659
660
660
667
668
668
669
670
671
672
672
674
674
675
676
676
677
678
680
680
680
680
682
682
683
683
686
686
686
688
688
690
691
691
692
692
696
696
700
700
702
703
703
704
704
706
706
706
709
710
712
713
713
713
714
714
715
715
716
717
717
719
720
721
721
722
725
726
726
727
727
729
729
729
730
732
732
734
735
736
737
738
741
746
747
748
748
749
752
752
753
754
754
754
755
756
760
760
761
762
762
762
762
763
763
764
764
765
765
767
768
769
770
772
773
776
776
776
778
778
778
778
779
779
781
781
782
782
786
786
789
790
790
792
794
794
795
795
795
796
796
797
798
799
801
802
803
803
804
805
805
806
806
807
809
810
811
811
812
812
816
817
817
817
819
821
823
824
825
828
830
832
833
833
835
836
838
838
841
845
845
848
848
848
848
848
848
851
851
852
854
856
857
860
861
862
864
865
867
867
868
869
871
872
872
876
878
878
878
880
880
882
882
882
882
885
885
888
889
889
890
890
893
893
895
895
896
896
898
899
901
902
907
911
911
912
913
914
915
918
920
920
923
923
924
925
925
926
928
929
930
930
931
932
934
936
937
937
937
938
940
940
942
942
943
943
943
944
944
945
948
948
951
952
953
954
954
954
955
956
956
960
960
961
962
962
962
963
964
964
965
966
970
973
973
973
974
976
976
980
981
985
985
985
985
986
986
988
988
988
989
989
991
992
992
994
996
998
998
1000
1002
1006
1009
1009
1010
1011
1012
1014
1015
1015
1017
1017
1019
1019
1020
1021
1022
1026
1027
1027
1028
1029
1031
1031
1032
1033
1033
1034
1035
1035
1037
1040
1040
1040
1041
1042
1043
1045
1046
1046
1047
1052
1055
1056
1057
1058
1059
1059
1060
1061
1065
1067
1068
1070
1070
1072
1074
1075
1076
1079
1082
1082
1083
1084
1084
1085
1086
1089
1091
1091
1093
1093
1093
1098
1099
1099
1100
1102
1108
1109
1113
1113
1114
1118
1120
1121
1122
1122
1123
1123
1125
1126
1128
1129
1129
1130
1131
1132
1133
1133
1134
1135
1135
1135
1137
1138
1138
1141
1143
1144
1144
1144
1146
1146
1146
1147
1148
1148
1149
1149
1151
1151
1151
1152
1152
1153
1154
1156
1157
1160
1162
1166
1166
1167
1168
1168
1170
1171
1171
1172
1172
1172
1173
1174
1177
1180
1180
1182
1182
1183
1184
1185
1186
1186
1187
1189
1190
1190
1192
1192
1193
1194
1196
1197
1198
1201
1203
1206
1206
1207
1207
1207
1207
1208
1208
1211
1212
1213
1213
1214
1214
1214
1215
1215
1216
1217
1217
1218
1218
1222
1225
1227
1228
1228
1228
1229
1234
1236
1236
1236
1237
1237
1238
1238
1239
1239
1240
1240
1241
1242
1243
1244
1244
1246
1247
1247
1247
1248
1251
1251
1252
1253
1255
1255
1259
1259
1259
1261
1263
1263
1267
1271
1271
1272
1272
1272
1274
1275
1276
1277
1277
1279
1280
1281
1282
1283
1284
1285
1286
1291
1292
1292
1292
1293
1293
1295
1299
1300
1302
1302
1303
1304
1305
1307
1307
1310
1313
1313
1314
1315
1315
1316
1317
1319
1319
1321
1322
1322
1323
1324
1324
1325
1325
1326
1326
1327
1327
1328
1329
1330
1331
1334
1334
1335
1336
1337
1338
1338
1339
1339
1340
1340
1342
1343
1344
1344
1346
1352
1353
1354
1355
1356
1359
1359
1359
1361
1362
1363
1365
1365
1366
1366
1367
1370
1372
1373
1373
1375
1375
1375
1377
1378
1378
1379
1380
1381
1382
1383
1384
1386
1388
1389
1389
1390
1390
1391
1392
1392
1393
1394
1394
1395
1399
1401
1403
1405
1406
1406
1407
1408
1410
1410
1411
1412
1414
1416
1416
1417
1419
1421
1421
1422
1423
1424
1425
1425
1425
1426
1428
1429
1429
1430
1431
1432
1432
1432
1433
1433
1434
1434
1437
1438
1438
1439
1439
1440
1440
1442
1445
1445
1447
1448
1448
1449
1450
1451
1451
1451
1452
1452
1456
1456
1458
1458
1460
1460
1464
1467
1470
1474
1474
1478
1479
1479
1480
1481
1482
1482
1483
1486
1487
1487
1488
1491
1491
1492
1493
1493
1495
1495
1496
1496
1496
1498
1500
1502
1503
1504
1506
1506
1508
1509
1510
1511
1512
1512
1513
1514
1514
1515
1516
1517
1519
1520
1521
1523
1526
1526
1526
1526
1527
1527
1528
1530
1531
1531
1532
1533
1533
1535
1535
1535
1535
1536
1538
1538
1539
1542
1542
1543
1543
1545
1546
1546
1547
1547
1551
1552
1553
1553
1555
1555
1556
1557
1557
1558
1558
1560
1562
1563
1566
1566
1566
1567
1567
1570
1571
1571
1572
1573
1574
1575
1576
1576
1578
1579
1580
1580
1581
1581
1583
1583
1584
1585
1586
1587
1587
1587
1588
1588
1589
1594
1595
1597
1598
1599
1600
1600
1603
1605
1608
1608
1609
1610
1615
1616
1616
1618
1619
1619
1620
1624
1624
1624
1625
1625
1625
1626
1627
1629
1629
1629
1632
1633
1634
1637
1638
1640
1640
1640
1641
1642
1642
1642
1643
1643
1646
1646
1649
1649
1649
1650
1650
1650
1652
1653
1654
1654
1654
1656
1658
1658
1660
1662
1662
1662
1663
1665
1666
1666
1666
1667
1667
1668
1668
1671
1672
1673
1674
1676
1677
1677
1677
1679
1680
1681
1682
1682
1682
1684
1684
1684
1685
1686
1686
1687
1687
1688
1689
1691
1693
1694
1694
1698
1698
1701
1701
1702
1702
1704
1704
1705
1708
1708
1709
1711
1713
1716
1716
1717
1721
1723
1724
1726
1728
1729
1731
1731
1732
1733
1738
1738
1739
1741
1741
1741
1742
1742
1743
1743
1744
1747
1749
1750
1751
1753
1754
1756
1756
1757
1758
1760
1760
1760
1761
1761
1762
1765
1765
1766
1766
1768
1770
1771
1771
1773
1774
1774
1776
1778
1779
1780
1780
1781
1781
1782
1782
1782
1785
1785
1789
1789
1790
1792
1793
1797
1799
1801
1801
1802
1805
1806
1806
1807
1808
1809
1809
1810
1813
1815
1816
1817
1819
1819
1819
1819
1821
1822
1822
1825
1826
1826
1827
1829
1830
1830
1831
1832
1832
1832
1833
1833
1835
1836
1837
1838
1838
1841
1841
1842
1843
1843
1844
1844
1845
1845
1845
1846
1846
1846
1847
1849
1850
1850
1851
1854
1855
1856
1858
1858
1860
1864
1867
1867
1868
1869
1869
1871
1872
1873
1873
1874
1874
1874
1875
1875
1875
1875
1876
1877
1880
1881
1881
1881
1882
1882
1886
1886
1887
1888
1896
1896
1896
1897
1899
1899
1900
1901
1902
1902
1904
1905
1907
1912
1912
1913
1916
1916
1917
1918
1919
1920
1923
1924
1925
1925
1928
1928
1929
1931
1931
1933
1935
1938
1945
1946
1948
1949
1949
1951
1952
1952
1952
1953
1953
1954
1954
1955
1956
1958
1958
1958
1961
1963
1963
1964
1968
1969
1970
1973
1976
1976
1977
1978
1979
1980
1980
1982
1983
1983
1988
1989
1989
1991
1992
1993
1994
1995
1995
1995
1996
1996
1997
1998
1998
2000
2001
2005
2006
2006
2006
2006
2008
2009
2011
2012
2015
2015
2017
2017
2018
2020
2021
2021
2022
2023
2026
2026
2028
2029
2034
2034
2035
2036
2036
2037
2038
2039
2040
2042
2044
2046
2049
2051
2051
2052
2052
2053
2054
2054
2054
2055
2055
2056
2056
2056
2058
2059
2060
2061
2064
2066
2066
2066
2067
2069
2070
2070
2073
2074
2074
2075
2075
2076
2076
2077
2078
2078
2078
2080
2081
2081
2081
2086
2089
2090
2090
2093
2095
2096
2096
2099
2101
2102
2103
2107
2109
2113
2118
2120
2126
2127
2128
2129
2130
2130
2130
2130
2130
2130
2131
2134
2137
2139
2141
2144
2144
2144
2145
2147
2150
2156
2157
2158
2160
2161
2161
2162
2162
2162
2163
2166
2167
2171
2173
2173
2174
2174
2176
2176
2176
2177
2179
2184
2184
2185
2185
2186
2186
2187
2191
2191
2191
2192
2192
2193
2194
2195
2195
2196
2197
2198
2198
2199
2199
2201
2202
2203
2204
2207
2210
2211
2211
2213
2213
2213
2213
2213
2213
2214
2217
2217
2221
2221
2223
2225
2225
2225
2225
2226
2226
2226
2230
2230
2230
2232
2233
2233
2234
2236
2238
2239
2242
2242
2243
2244
2244
2246
2248
2248
2249
2250
2251
2254
2255
2255
2257
2258
2262
2263
2263
2267
2267
2267
2268
2269
2269
2269
2269
2271
2273
2273
2273
2274
2276
2276
2277
2278
2279
2279
2280
2281
2283
2283
2286
2287
2294
2294
2294
2294
2295
2297
2298
2299
2299
2300
2301
2301
2303
2305
2305
2306
2307
2308
2308
2309
2309
2311
2312
2312
2312
2313
2318
2321
2322
2324
2325
2333
2334
2335
2335
2335
2336
2336
2336
2340
2341
2343
2346
2347
2347
2349
2349
2350
2351
2351
2353
2353
2356
2358
2358
2362
2364
2364
2365
2366
2366
2366
2367
2369
2370
2371
2371
2373
2375
2376
2377
2378
2380
2382
2386
2387
2389
2391
2391
2393
2394
2395
2396
2396
2397
2397
2398
2401
2403
2403
2405
2406
2408
2408
2408
2408
2409
2411
2412
2417
2417
2417
2418
2419
2420
2420
2424
2424
2426
2428
2428
2430
2433
2439
2440
2440
2440
2441
2443
2444
2445
2445
2447
2449
2455
2457
2462
2463
2463
2464
2468
2471
2474
2474
2474
2475
2475
2475
2475
2476
2479
2480
2481
2484
2485
2486
2486
2487
2488
2489
2489
2490
2491
2494
2495
2498
2498
2499
2499
2499
2501
2502
2502
2505
2507
2509
2509
2510
2512
2512
2513
2515
2518
2525
2525
2527
2527
2528
2531
2535
2537
2541
2541
2542
2542
2548
2548
2548
2550
2551
2552
2554
2555
2556
2557
2558
2563
2565
2565
2566
2567
2567
2568
2568
2569
2569
2570
2571
2571
2574
2574
2575
2577
2579
2580
2583
2585
2588
2589
2590
2590
2591
2591
2594
2594
2595
2596
2597
2599
2599
2600
2600
2601
2603
2603
2604
2605
2605
2605
2607
2611
2612
2613
2614
2614
2615
2617
2617
2619
2619
2620
2620
2622
2625
2627
2627
2629
2631
2632
2633
2635
2635
2637
2638
2640
2642
2643
2643
2644
2645
2647
2650
2652
2652
2653
2653
2654
2656
2657
2658
2659
2662
2664
2665
2666
2667
2670
2671
2675
2676
2677
2678
2678
2679
2681
2681
2685
2686
2688
2688
2688
2691
2693
2693
2693
2693
2695
2695
2696
2697
2697
2697
2699
2700
2702
2702
2704
2706
2707
2709
2712
2712
2716
2716
2716
2716
2721
2723
2724
2725
2728
2728
2729
2729
2730
2731
2733
2734
2735
2735
2736
2737
2739
2740
2740
2740
2741
2741
2741
2742
2743
2745
2745
2745
2745
2747
2748
2748
2749
2749
2749
2754
2756
2757
2759
2761
2764
2765
2772
2780
2782
2782
2783
2784
2786
2788
2789
2789
2791
2794
2796
2797
2797
2797
2801
2806
2808
2808
2812
2815
2818
2819
2819
2820
2821
2821
2822
2822
2823
2826
2827
2828
2830
2834
2835
2838
2838
2840
2840
2840
2842
2844
2847
2847
2848
2850
2851
2852
2854
2855
2856
2858
2860
2861
2861
2863
2865
2867
2868
2868
2870
2871
2873
2874
2877
2878
2885
2886
2886
2887
2888
2892
2893
2894
2894
2895
2896
2898
2899
2903
2907
2908
2911
2912
2912
2912
2913
2914
2914
2915
2915
2918
2920
2920
2924
2925
2926
2932
2933
2936
2938
2938
2940
2940
2942
2942
2945
2945
2947
2948
2949
2953
2955
2955
2956
2957
2957
2957
2957
2959
2964
2965
2967
2968
2969
2970
2971
2974
2977
2979
2982
2985
2985
2987
2988
2990
2992
2995
2996
2998
2999
3000
3001
3002
3002
3003
3008
3010
3017
3017
3019
3022
3023
3023
3025
3030
3031
3033
3034
3035
3035
3035
3043
3046
3047
3050
3050
3050
3051
3054
3055
3056
3057
3059
3059
3060
3060
3061
3062
3062
3064
3064
3064
3067
3069
3069
3070
3071
3071
3073
3076
3079
3081
3081
3084
3084
3084
3085
3090
3090
3090
3092
3092
3094
3094
3095
3096
3098
3098
3098
3102
3106
3106
3106
3109
3109
3110
3113
3114
3121
3123
3124
3126
3129
3129
3130
3130
3132
3136
3137
3137
3138
3140
3141
3144
3144
3146
3146
3147
3147
3149
3150
3155
3155
3157
3157
3159
3159
3159
3161
3163
3165
3168
3168
3169
3172
3173
3173
3173
3174
3174
3176
3176
3179
3185
3190
3193
3194
3194
3196
3198
3203
3204
3204
3205
3206
3208
3208
3212
3213
3217
3218
3220
3220
3221
3225
3225
3227
3228
3229
3229
3236
3237
3239
3243
3244
3249
3249
3249
3250
3251
3251
3255
3255
3257
3258
3258
3260
3260
3260
3265
3268
3268
3269
3270
3270
3274
3276
3277
3277
3277
3278
3279
3280
3286
3286
3289
3292
3294
3295
3296
3296
3302
3305
3306
3307
3308
3310
3312
3313
3313
3314
3314
3316
3318
3321
3323
3324
3325
3327
3328
3330
3334
3336
3338
3338
3344
3346
3346
3346
3349
3350
3353
3353
3354
3355
3355
3361
3361
3361
3362
3366
3372
3373
3373
3376
3377
3377
3378
3381
3382
3382
3384
3392
3394
3395
3396
3396
3398
3399
3405
3412
3415
3416
3418
3419
3420
3424
3428
3429
3429
3433
3435
3436
3436
3437
3437
3437
3438
3438
3440
3442
3442
3444
3444
3445
3446
3447
3448
3450
3451
3454
3454
3456
3457
3457
3460
3460
3461
3461
3463
3463
3464
3467
3467
3467
3468
3470
3472
3474
3478
3479
3480
3480
3481
3489
3490
3499
3501
3502
3502
3505
3505
3505
3507
3508
3509
3516
3521
3524
3525
3527
3527
3538
3538
3538
3541
3542
3542
3543
3543
3548
3550
3551
3552
3552
3553
3553
3554
3555
3556
3558
3558
3562
3564
3569
3569
3569
3570
3570
3572
3572
3573
3576
3580
3583
3586
3587
3593
3594
3596
3599
3604
3606
3609
3609
3610
3610
3610
3614
3619
3624
3626
3626
3628
3632
3634
3637
3638
3638
3638
3639
3640
3640
3640
3642
3642
3643
3643
3643
3647
3650
3651
3651
3653
3655
3657
3657
3658
3659
3661
3662
3662
3663
3664
3670
3673
3674
3676
3677
3678
3679
3679
3683
3683
3685
3686
3688
3688
3689
3693
3693
3693
3694
3695
3695
3697
3698
3700
3703
3705
3709
3709
3710
3712
3712
3715
3716
3718
3719
3721
3723
3724
3724
3726
3728
3729
3732
3734
3734
3734
3734
3735
3741
3742
3742
3745
3747
3748
3748
3749
3750
3750
3752
3755
3755
3764
3765
3766
3766
3767
3769
3771
3773
3773
3775
3778
3781
3782
3784
3785
3788
3788
3790
3791
3793
3794
3794
3794
3797
3800
3802
3802
3802
3806
3808
3809
3809
3810
3811
3811
3814
3814
3814
3815
3819
3820
3830
3831
3832
3832
3833
3834
3834
3836
3836
3836
3837
3846
3847
3847
3853
3855
3855
3858
3860
3860
3862
3866
3870
3871
3872
3872
3873
3875
3876
3876
3877
3882
3882
3882
3885
3890
3891
3891
3892
3894
3894
3896
3897
3898
3899
3900
3907
3908
3910
3910
3911
3912
3917
3917
3917
3918
3918
3918
3918
3921
3923
3924
3924
3925
3927
3929
3929
3931
3934
3935
3937
3937
3937
3938
3938
3939
3942
3943
3946
3947
3947
3949
3953
3953
3954
3956
3959
3961
3961
3962
3964
3966
3973
3974
3975
3976
3977
3979
3979
3980
3985
3986
3987
3988
3989
3991
3992
3993
3995
3997
3998
4001
4003
4003
4005
4006
4006
4008
4008
4009
4011
4012
4014
4014
4015
4022
4023
4023
4025
4026
4026
4028
4030
4031
4031
4032
4040
4040
4041
4043
4043
4044
4045
4046
4048
4049
4051
4052
4053
4053
4053
4055
4056
4057
4060
4060
4061
4062
4064
4065
4065
4071
4072
4074
4076
4080
4083
4083
4085
4090
4090
4091
4092
4094
4095
4095
4100
4103
4106
4106
4110
4110
4111
4111
4114
4116
4116
4117
4123
4124
4125
4129
4129
4130
4130
4132
4132
4133
4133
4133
4134
4137
4138
4141
4142
4145
4146
4147
4151
4154
4155
4155
4156
4157
4157
4157
4162
4166
4172
4174
4176
4180
4181
4182
4182
4183
4183
4189
4194
4198
4199
4203
4204
4205
4205
4205
4208
4210
4212
4217
4220
4221
4222
4223
4224
4224
4228
4229
4230
4232
4232
4234
4234
4236
4237
4237
4240
4241
4244
4249
4249
4250
4250
4257
4258
4258
4266
4269
4269
4272
4272
4274
4281
4281
4282
4284
4284
4286
4288
4288
4295
4296
4299
4299
4299
4300
4300
4302
4303
4303
4303
4305
4307
4308
4309
4310
4312
4312
4313
4315
4315
4316
4318
4318
4319
4322
4322
4324
4327
4327
4329
4330
4332
4335
4336
4342
4342
4342
4345
4346
4349
4362
4363
4366
4373
4376
4378
4378
4379
4379
4384
4386
4387
4387
4388
4391
4392
4395
4398
4398
4399
4402
4407
4407
4407
4408
4411
4412
4413
4418
4418
4420
4420
4420
4421
4421
4423
4423
4424
4426
4427
4427
4429
4429
4431
4433
4435
4437
4437
4440
4444
4444
4445
4445
4446
4446
4447
4448
4451
4451
4451
4454
4454
4454
4455
4460
4467
4468
4468
4472
4473
4474
4476
4479
4481
4485
4486
4486
4487
4488
4492
4493
4493
4495
4496
4497
4497
4506
4507
4512
4513
4514
4517
4520
4523
4525
4528
4529
4530
4530
4535
4535
4535
4536
4537
4552
4555
4557
4558
4559
4560
4560
4561
4564
4565
4566
4567
4568
4568
4570
4572
4573
4578
4582
4584
4587
4589
4589
4590
4591
4594
4594
4598
4599
4599
4600
4601
4601
4601
4602
4603
4604
4606
4606
4606
4607
4607
4608
4608
4608
4610
4611
4612
4614
4616
4617
4618
4624
4625
4625
4625
4627
4627
4629
4629
4633
4634
4638
4639
4640
4641
4645
4647
4653
4654
4658
4662
4663
4663
4665
4666
4667
4668
4670
4670
4671
4674
4683
4685
4686
4688
4689
4690
4692
4694
4707
4709
4713
4713
4714
4715
4716
4716
4716
4716
4717
4717
4718
4720
4720
4720
4724
4726
4727
4728
4732
4734
4736
4737
4737
4741
4742
4742
4742
4745
4747
4749
4750
4753
4753
4754
4754
4756
4757
4759
4759
4761
4767
4769
4771
4771
4772
4772
4776
4776
4779
4780
4783
4792
4793
4793
4796
4798
4802
4803
4804
4805
4810
4810
4812
4818
4819
4820
4821
4823
4824
4828
4829
4834
4836
4839
4839
4840
4841
4842
4843
4846
4847
4854
4854
4858
4861
4863
4864
4868
4868
4876
4883
4884
4884
4885
4887
4887
4888
4890
4891
4893
4894
4895
4896
4897
4899
4901
4903
4903
4906
4908
4909
4910
4911
4913
4920
4920
4922
4923
4926
4928
4929
4930
4932
4933
4935
4937
4941
4943
4943
4945
4945
4945
4947
4949
4950
4953
4958
4959
4960
4961
4964
4966
4968
4973
4975
4978
4979
4980
4982
4988
4988
4991
4992
4995
4996
4997
4999
4999
5002
5008
5012
5014
5016
5017
5017
5018
5018
5019
5020
5025
5026
5026
5029
5033
5034
5036
5036
5037
5038
5041
5044
5048
5053
5053
5056
5058
5061
5067
5067
5071
5071
5072
5074
5084
5089
5091
5092
5093
5097
5099
5099
5103
5105
5105
5106
5106
5109
5110
5111
5112
5113
5115
5116
5119
5121
5122
5124
5127
5128
5137
5141
5142
5145
5149
5156
5159
5159
5161
5169
5170
5171
5171
5173
5174
5183
5184
5187
5189
5193
5193
5195
5196
5197
5199
5202
5203
5209
5210
5214
5219
5223
5228
5229
5231
5234
5240
5242
5242
5243
5244
5247
5249
5249
5253
5258
5266
5272
5273
5275
5283
5287
5289
5293
5294
5298
5299
5304
5306
5315
5316
5316
5317
5317
5319
5321
5321
5328
5329
5333
5336
5337
5339
5346
5348
5352
5353
5355
5357
5359
5361
5366
5368
5368
5369
5370
5372
5373
5378
5378
5378
5380
5381
5382
5383
5385
5386
5386
5387
5389
5393
5394
5395
5395
5396
5398
5399
5400
5402
5406
5409
5409
5415
5419
5421
5422
5422
5423
5424
5425
5426
5427
5429
5429
5430
5430
5431
5431
5431
5431
5432
5435
5444
5445
5447
5447
5453
5460
5461
5465
5467
5467
5468
5469
5470
5475
5477
5481
5483
5483
5486
5487
5489
5493
5502
5504
5504
5506
5506
5508
5511
5512
5518
5518
5527
5528
5528
5536
5536
5538
5539
5540
5542
5544
5547
5554
5555
5558
5559
5564
5567
5567
5573
5575
5576
5581
5583
5584
5587
5592
5595
5595
5598
5600
5601
5605
5605
5606
5606
5607
5610
5611
5611
5612
5613
5617
5617
5620
5622
5624
5630
5631
5635
5637
5639
5643
5645
5648
5648
5650
5650
5654
5655
5656
5659
5663
5665
5666
5668
5668
5669
5669
5670
5672
5672
5677
5678
5679
5682
5683
5684
5691
5695
5695
5695
5696
5697
5698
5699
5702
5704
5709
5711
5712
5714
5714
5717
5718
5721
5725
5726
5728
5734
5737
5740
5743
5749
5754
5756
5757
5758
5760
5760
5763
5765
5767
5767
5769
5772
5772
5774
5775
5776
5784
5792
5792
5801
5802
5804
5805
5807
5808
5809
5820
5820
5821
5821
5825
5828
5837
5842
5844
5848
5849
5851
5854
5857
5857
5859
5859
5862
5863
5864
5867
5875
5878
5878
5879
5884
5886
5888
5888
5889
5891
5896
5897
5898
5899
5903
5904
5905
5907
5909
5910
5912
5914
5919
5923
5924
5924
5929
5930
5936
5937
5937
5939
5949
5951
5953
5959
5959
5964
5964
5969
5973
5977
5978
5982
5983
5985
5990
5995
5998
5999
6002
6006
6008
6009
6010
6010
6010
6014
6014
6014
6017
6017
6017
6020
6023
6028
6032
6040
6041
6046
6046
6047
6047
6050
6052
6052
6053
6054
6056
6057
6060
6063
6066
6068
6072
6072
6073
6077
6084
6090
6092
6093
6097
6100
6103
6106
6112
6112
6116
6120
6127
6128
6131
6134
6139
6140
6141
6146
6149
6151
6152
6154
6155
6159
6160
6168
6170
6171
6172
6176
6176
6181
6188
6188
6192
6192
6194
6197
6198
6199
6203
6210
6215
6221
6222
6233
6241
6241
6248
6253
6261
6269
6270
6270
6275
6279
6279
6283
6284
6288
6288
6290
6290
6291
6292
6296
6296
6305
6306
6307
6308
6312
6313
6316
6322
6325
6329
6336
6336
6339
6349
6356
6357
6359
6361
6378
6382
6385
6386
6388
6388
6391
6399
6400
6401
6403
6405
6407
6418
6422
6423
6425
6429
6434
6437
6438
6439
6439
6440
6444
6444
6445
6449
6450
6454
6456
6457
6473
6474
6477
6477
6482
6485
6485
6486
6487
6487
6490
6496
6500
6508
6511
6523
6528
6530
6530
6532
6532
6533
6534
6537
6539
6541
6541
6548
6548
6550
6554
6566
6567
6569
6573
6574
6578
6578
6578
6580
6584
6584
6590
6590
6596
6600
6601
6601
6617
6620
6620
6622
6624
6642
6651
6656
6660
6664
6665
6670
6672
6672
6678
6678
6682
6688
6688
6692
6693
6695
6699
6701
6703
6704
6705
6706
6707
6711
6713
6720
6721
6725
6725
6728
6729
6730
6731
6734
6734
6737
6740
6742
6745
6748
6750
6751
6751
6755
6756
6763
6764
6765
6775
6780
6786
6787
6794
6798
6799
6800
6801
6801
6801
6805
6805
6808
6809
6816
6818
6819
6822
6822
6824
6827
6828
6829
6831
6832
6833
6833
6838
6839
6847
6849
6850
6851
6852
6854
6856
6865
6865
6874
6874
6875
6880
6881
6889
6890
6893
6893
6894
6896
6900
6902
6906
6909
6917
6918
6921
6925
6930
6937
6944
6944
6946
6950
6954
6956
6959
6960
6961
6964
6966
6970
6970
6977
6979
6979
6984
6987
6987
6988
6991
6991
6992
6998
6999
7000
7003
7006
7016
7017
7018
7022
7025
7026
7027
7036
7037
7050
7061
7063
7065
7065
7066
7069
7072
7074
7076
7078
7093
7101
7103
7105
7112
7118
7119
7120
7121
7122
7123
7126
7128
7131
7133
7134
7139
7143
7145
7148
7165
7166
7166
7169
7171
7173
7174
7174
7174
7176
7185
7185
7187
7188
7199
7200
7200
7200
7204
7218
7225
7228
7230
7237
7240
7245
7253
7255
7262
7263
7265
7273
7274
7277
7279
7283
7285
7286
7294
7298
7302
7309
7319
7322
7331
7331
7341
7341
7342
7343
7344
7352
7354
7360
7360
7367
7368
7369
7370
7375
7375
7375
7377
7386
7387
7390
7391
7393
7393
7394
7396
7405
7405
7405
7407
7411
7416
7421
7424
7424
7425
7433
7442
7443
7447
7450
7457
7461
7470
7472
7475
7477
7492
7493
7495
7501
7507
7509
7513
7514
7516
7518
7522
7528
7530
7533
7536
7543
7547
7550
7553
7561
7563
7568
7574
7575
7576
7584
7588
7595
7597
7598
7603
7604
7605
7610
7626
7628
7629
7640
7644
7646
7649
7652
7658
7666
7666
7668
7674
7675
7676
7678
7688
7688
7713
7715
7724
7725
7729
7733
7733
7737
7739
7743
7748
7759
7764
7765
7767
7774
7778
7779
7786
7791
7802
7809
7816
7816
7816
7819
7821
7827
7828
7829
7831
7837
7841
7842
7844
7846
7859
7866
7873
7874
7882
7890
7893
7895
7901
7903
7910
7914
7922
7927
7928
7941
7944
7948
7956
7958
7958
7959
7961
7969
7976
7977
7988
7992
8002
8008
8010
8016
8019
8024
8028
8040
8041
8041
8044
8045
8054
8065
8068
8073
8081
8086
8092
8101
8105
8108
8118
8118
8130
8138
8144
8148
8152
8164
8164
8172
8177
8186
8186
8186
8204
8205
8205
8219
8223
8238
8238
8243
8245
8245
8266
8268
8275
8275
8278
8301
8307
8313
8322
8322
8327
8346
8349
8358
8359
8363
8370
8377
8380
8387
8388
8391
8403
8405
8406
8409
8415
8421
8421
8431
8438
8449
8450
8454
8455
8463
8474
8481
8482
8486
8493
8504
8505
8506
8509
8509
8510
8516
8516
8540
8540
8540
8541
8550
8551
8563
8564
8567
8574
8580
8582
8587
8592
8608
8618
8621
8627
8638
8645
8650
8650
8661
8667
8670
8683
8691
8692
8698
8705
8709
8715
8719
8721
8726
8731
8733
8734
8752
8757
8760
8764
8765
8772
8776
8784
8794
8802
8817
8873
8884
8905
8910
8911
8944
8946
8952
8959
8980
8983
8993
8994
9013
9096
9114
9118
9151
9167
9176
9222
9241
9241
9244
9256
9269
9272
9276
9280
9295
9303
9303
9324
9333
9342
9375
9387
9409
9412
9441
9448
9467
9510
9529
9545
9553
9555
9585
9603
9605
9622
9645
9658
9668
9690
9701
9720
9762
9854
9952
