920
1440
-1298
2167
531
-1576
2097
3515
5873
-1454
-5165
-7581
-1166
-6164
4241
-3145
4868
5101
-4846
3778
380
2790
-1446
333
-4571
-4138
2019
5946
-5498
-2473
7425
-3547
-2128
-1742
-498
-6546
526
3122
3409
5847
1662
189
-3830
-8676
-1022
-1071
8511
1375
6336
-4741
-9295
3920
1797
-1896
2360
2054
-7079
-7011
-5337
-147
-3418
-4768
-7411
-8559
5045
-2387
-2646
-2209
5275
-1247
3394
1584
1838
-3063
4928
645
-2573
-5840
2986
-483
-3482
-647
117
-3279
-5503
-190
1244
6852
5716
3803
655
-538
2394
-2353
-3732
-4316
-1208
-594
5285
-831
5786
-2962
-4495
6190
-950
4965
-5629
-1465
-1753
-2462
-5397
3563
6667
-567
5265
3867
8068
2206
-7913
2272
8014
2474
1391
7233
-3714
4047
-6519
293
1338
-2912
1758
7370
2944
3950
1021
-1631
595
6716
6662
-2424
-1447
4289
4716
1220
-1629
-6257
143
-7085
499
-124
3089
793
-2747
-4646
-1759
1130
1732
-4584
1605
-1694
626
-2155
6328
5547
-3735
7282
-7128
-3670
-843
-5705
-242
-362
1608
-160
-6911
1590
4680
-370
94
7336
6089
-185
5069
-3051
-5416
3308
-1588
219
1181
-2935
506
2127
-732
8563
2983
-2525
2484
-794
-567
-1177
8078
6160
1325
-2874
-4610
-27
-1427
1315
-8188
1387
4888
3284
688
3608
4069
4489
-1615
2922
-899
3585
-4096
-5096
-1188
-2827
835
-596
1451
-2996
-908
7368
2014
791
-202
-385
1025
-3932
-379
861
-1857
2422
6354
1051
-7206
-3559
-2672
3331
-5595
3107
-1515
2997
212
180
-4553
-541
-988
20
-6988
-5967
-4201
-4167
-4374
-4688
-2404
-4386
-8
3835
4459
3089
-7335
-2916
-7644
-224
-773
-801
-182
1828
550
4019
7826
946
-490
-553
-660
-3268
6499
608
-2551
2233
-2904
-2956
-270
2113
-5200
2093
2360
2718
1636
-1044
3629
-25
-2039
-2941
3937
4484
1609
-295
1037
-1207
-3609
3782
2103
-204
2594
-6912
1979
82
5283
5196
258
4399
-5846
-902
-1490
-791
-6308
16
2064
-4018
-1032
2329
3556
673
-272
-564
318
-4021
-2090
1518
1348
5484
4531
6436
2572
6251
324
1154
-629
-695
-6699
-5474
6818
-525
469
-6100
547
-5385
-3264
-1931
-5078
-1882
1258
554
-702
1829
9
-2150
3685
362
2129
-7099
3544
-8269
-2113
5323
-2954
-852
5200
2784
-431
-2816
-2694
6011
-4196
1398
-564
4951
7841
-6372
4980
-2452
6783
2793
1607
-6260
-1930
983
-2096
-5439
-3929
-2843
-306
5805
503
4171
39
701
1535
-870
2657
378
-353
859
-6050
-2688
-474
3082
1822
8173
2688
-6001
1176
5521
-2742
6218
-1546
-627
6136
-1729
1488
-2716
-745
7655
4521
-233
3714
1845
-6721
5682
-4217
3270
-4096
-911
-3164
1639
3358
-4962
1638
-4479
5047
-1642
4967
1817
585
5120
-3695
2126
-1675
-2567
7612
-5158
4938
2777
-7994
-1204
-570
674
738
2212
3697
45
-1586
-107
-2419
-2496
-671
4346
-254
6615
1785
-1717
-5042
5471
-2803
-473
-5184
9671
3087
-964
-2657
3850
517
2475
-1073
-3616
-2880
-2468
6530
5856
-134
-3968
7647
104
1142
1078
8488
640
-7082
-4576
2511
-1938
-414
-4174
793
7364
2312
2186
-2456
-851
-1090
-6802
5550
2961
-3510
-298
-8974
2461
-3447
3751
3168
-4691
5428
523
-5038
4037
1308
-4394
1130
2557
5614
7013
-4388
820
-5713
8049
-3583
6628
31
2628
-4555
-2112
-6139
1550
4976
-153
804
8503
-5513
1536
1324
-1374
-3190
-4859
1319
-2419
-3219
891
7870
5840
-3603
3485
5986
973
1838
-3798
-2501
696
7134
585
2132
2347
1724
-6162
-1636
4172
-1874
5532
7345
5271
-2754
-1162
2368
1872
1382
-7252
-9276
-1878
1602
3425
3324
-463
6793
4632
-2433
-3810
9330
-2461
3633
7546
-618
1555
-3150
4800
3476
-3692
-222
-2025
4157
-2877
3762
-7122
-1036
820
1518
1938
-6255
5887
-4551
1365
-2937
6718
-4233
4604
-3836
3108
2465
5101
4325
5845
3170
5556
4776
-6050
-996
4676
-1662
1242
-1684
1337
-689
495
237
-5829
4786
-6967
-830
1119
-2925
-4016
3424
6808
3540
-146
874
402
-6196
5080
143
-4989
-1954
1583
-3618
2698
716
3574
-706
1562
8517
-1197
-1428
923
2423
-3960
259
3606
-6676
-50
1990
2257
3053
1583
-4681
1192
-1649
-5014
398
310
2397
823
434
194
818
-1618
8160
-7078
-252
3829
-2147
-4323
-2140
-7048
6584
-2910
-6015
-4031
-2740
-1260
277
-4000
4253
6551
327
9206
3608
6500
669
242
-7709
-1215
-1210
156
4127
1772
5786
-1044
7791
5133
-4494
5454
-1995
-2719
-1563
-3868
-3712
-2024
-173
949
7155
-884
-2232
2026
-1608
-6605
-81
4925
5991
-2139
2674
-1702
-5372
-4507
-949
-2571
-4353
667
-4726
4210
-1181
-3938
-3040
1163
-4191
-2524
-7230
-3314
7070
-4094
1196
1283
-676
5495
-5673
2121
7498
6768
-1193
3194
-6557
657
2250
-4688
2440
6091
-6205
2707
-5728
6902
-2464
7671
-5567
5704
-2466
3610
1379
1570
-254
3743
230
110
-3976
4609
4068
-5533
-7240
-1521
3524
7097
2540
-6774
-8245
2383
4496
-4816
3986
2339
3345
3977
-886
7612
3367
-1605
-1374
1394
1244
-3315
1932
-7622
3462
4268
176
-1667
-5156
2681
6910
299
-4439
-8615
-1952
-593
-2937
4332
-3679
-1526
-68
752
2347
-3340
814
1035
-5265
-2858
4379
7300
3374
-2184
2813
3224
851
2892
-7238
-6234
1197
-1372
2416
786
-4853
3921
2537
6699
-4766
-6951
-1447
-2623
-6591
677
-1760
1376
532
330
7515
-3435
-2562
-6104
1008
302
2016
-3486
-720
1990
6872
-6418
-3963
4978
-3847
8644
5126
3845
4559
-5149
496
-1649
804
4565
423
4468
-2246
-2266
-4755
-3626
-5392
181
1638
-7767
-1379
927
-1000
-1967
-6392
7748
-7801
3285
-1068
3010
8326
-1627
6429
8554
5790
9070
-4515
-4415
3388
-1428
-155
-3550
1192
-305
1248
4675
-3331
-84
4226
-3100
-6338
-7125
-31
5228
-430
-1558
-2756
-4794
-5446
-6833
-4470
5107
1314
-4508
-3792
2805
-96
-4040
-140
1489
-2030
2576
1360
1502
-1917
2056
438
-234
2223
194
674
4236
-940
-484
3214
-178
5642
1857
8769
-3209
5101
1509
1739
2889
6670
523
-669
1150
-801
5471
-1952
-7079
-3929
-1036
-1188
-1197
2805
9206
585
-4515
6808
2126
-2090
4496
6902
1822
-3510
2127
4976
-430
-5673
2440
-1454
6670
-4576
-2912
-1177
-1162
3835
946
1008
-7644
-2962
-2567
4496
-2232
-463
-1208
4289
-2246
-706
3829
-2573
-7252
-4174
-6338
-3550
-3714
39
7791
4468
-3559
-4016
1248
6011
4379
-4167
4786
-5337
230
-830
7612
3921
3331
4609
-4094
3424
-1938
7364
-1193
1822
-4688
-7335
2422
-107
-1558
716
-618
-5629
-3830
-7994
-3447
-5498
330
310
2961
5532
3082
1845
3743
-3670
-305
-3735
5285
-5385
-84
-596
1772
2674
6716
-2246
-490
1283
2718
333
2707
-2816
6615
-886
2223
-2623
-4096
-4766
1387
3214
4967
-4040
-7622
7345
791
6429
-2719
242
180
793
-414
5045
3920
-1546
-2672
2594
3224
3089
-4018
-4681
1376
6670
143
4346
-2419
194
-1649
7155
-4681
-4494
4632
9206
-2877
-2925
-5503
156
-6774
-2024
-5595
-3810
1365
-908
1609
3424
-1073
3544
-4726
-6260
595
-1930
7368
-2996
-1586
2423
2167
-2754
8563
8078
-2096
1662
-3679
1509
-4040
-2039
-1546
3089
-379
701
5495
-720
-463
-2150
1732
4496
-2461
-3810
-3190
4786
2206
16
-1210
1192
5556
523
-1379
9070
-3868
2540
-2424
1724
-7335
-553
-1546
-1649
-2551
-9276
-155
2813
-4386
8517
-4495
-2452
-1036
7282
469
-385
-8974
-669
1382
-2112
2233
-5533
2206
3284
-4846
299
5047
7155
5101
1828
-3603
7671
-1204
2257
4253
-233
3556
-4323
-1446
-1546
-1618
-3547
1535
-1627
2127
-695
8173
-1558
31
859
3122
7546
6662
2892
-8615
1220
-5474
2394
6662
327
-570
143
-8974
5704
-2551
-6104
-6308
-593
1555
-4394
1638
2206
1319
8503
5556
-3714
2113
7612
7498
-2672
4928
-2740
4951
-1197
-4681
-1642
-3550
-4741
-1874
-2128
973
3986
-3732
-4989
-6605
1244
8644
1142
1142
-3963
-2816
-3938
-7206
310
-1454
696
6190
7233
333
-2147
-182
-473
-4853
104
-1446
-843
-4217
-498
-3695
1509
1176
2056
1315
-6372
1838
1872
4521
9
-4040
2056
-3732
1872
-4018
-3164
-2877
585
8517
1130
2475
-899
1375
-160
-2742
-490
-8245
-4681
-794
-695
-1032
1008
8173
-2147
-3830
673
2674
532
-1967
-4768
-4217
-843
4019
-5165
-3340
9206
-2266
-2150
-5416
7515
-2496
-3100
2983
-940
-706
423
-1636
-525
7336
2383
-3626
423
-1215
2576
-1631
8160
2212
1360
3608
-5513
-9276
1398
-7238
-4691
1325
-553
-50
-498
-988
-3679
-5567
1391
20
4019
-5200
1605
7791
-4553
-7079
-353
-8559
3224
3563
1319
-4766
-3315
-7125
-669
-4766
7612
499
-5038
-1447
-1667
1724
2793
-7079
-7048
-6833
1360
9206
554
851
-4853
-5533
-306
667
4236
-155
-1454
1391
31
1828
-1588
-6418
-1605
402
-8269
-2473
2132
259
1163
-4096
-8188
-1629
1872
673
5323
-2874
5682
5991
-627
-4031
3107
-6774
-5265
-5397
293
-6951
-1193
5873
5133
-3714
2016
3867
-2150
5454
-2155
1838
3563
-5200
2054
117
-2353
3089
8014
4716
-6951
3170
-852
3608
3697
-96
-7238
-3219
2054
-7622
5265
39
2016
-4000
1535
-4374
-553
2054
5047
-7644
-1379
7097
1489
696
-2747
-7125
3053
3485
1828
-2716
554
1308
-3963
4226
2777
-3932
1938
2126
4468
3714
3714
-7206
-4353
-4374
8488
2019
-2996
-4388
645
212
-3100
-2694
-4470
-3559
1829
-5337
2594
-3550
-5156
-3692
3803
526
1990
-2473
1181
-2937
-830
-2646
2777
-6676
-25
-4386
-1667
1785
1536
-1177
1605
-7206
-4515
-1447
-6519
4127
-1068
4127
-2657
-2090
4496
1365
1008
3829
-5078
3540
-50
-7099
5847
-3792
-594
1590
-7125
1379
-1563
-4040
194
-6519
1037
2064
1035
-6139
-1207
143
-1427
5847
2016
7368
181
5845
4967
1590
1078
1857
-2039
5080
1337
-3583
-5439
738
-745
2014
2347
3374
-1878
-2573
5271
3608
4980
-6418
608
3574
1315
-2209
5847
2127
-1857
-4217
851
-1428
3394
-4768
-3963
6667
5080
820
4868
-4508
3108
-2473
-2719
-4551
-6418
-6050
-1036
-1546
1308
-1684
1609
-2827
531
-370
-1490
674
-647
-6721
-1032
1025
3224
2805
4925
-2452
2397
39
5704
-538
-7240
-1022
-4726
9
6429
7013
-851
31
677
674
-1022
550
5080
-7238
-5629
2423
5845
2368
4210
-1447
7612
4172
2360
2016
-295
3920
5682
531
923
5285
2097
6429
-1071
1772
-5265
-2937
-3968
531
-5629
-1546
496
1829
-7230
3462
6190
1488
5275
5045
2777
7097
738
-1649
2922
-3735
-2246
-7079
-4794
-2551
-884
-3712
2983
-4217
3633
3608
-525
-1995
2347
851
-1629
-3963
-695
-254
31
-4167
1244
-1247
-498
4776
1605
5120
5484
-3932
820
-3040
5200
6716
-6418
1181
7364
669
1391
-1465
2360
4951
4069
506
5786
-222
1797
-1642
8173
398
-2996
-2501
1838
-695
5120
5471
585
3850
8014
-4755
595
1938
920
1119
-5713
1638
818
-8974
-5498
2986
1192
-3063
496
8173
499
1828
-1000
2368
6328
1772
-2623
-949
-4394
-3164
8014
-2096
2423
1119
1197
-1874
-4584
835
5428
3782
-6100
3168
1315
-7238
-2209
-1374
-4016
-8559
-1044
-3314
-2113
4786
6808
-702
-791
-7994
5786
4171
4332
4925
-689
-6988
5271
4069
-2466
550
8563
-140
3610
-801
-4989
-6951
495
-1954
1535
6783
-6001
-7122
4468
-2719
-564
2360
9206
9
2127
818
-5158
8078
-2030
3610
-5498
3937
189
-2816
-4470
2416
-3219
8511
2892
5547
-6833
237
6716
5847
-2404
8173
2347
1325
1130
-3510
-1702
-5967
-2150
-831
5790
874
-1521
-8
-6988
176
-2525
1990
1555
1382
5556
7300
608
-5967
-5713
-6338
-6162
-3798
-2266
-2466
299
4521
6768
-2910
-4018
-3190
9671
-2184
1440
-2461
3409
-1675
237
-6372
-1954
-2496
-6164
3409
-3836
82
503
-353
6670
-2209
1605
-3976
-2843
2206
-5078
2019
-1526
6783
-4191
20
4241
6436
-6260
2339
1398
5716
1248
378
-1702
-6308
-4479
-2140
-2387
-3695
5873
-2623
3515
-2419
927
-414
4531
4037
-362
362
6910
-2461
-553
-4681
-7125
-483
1325
859
-7335
7155
5120
4967
-567
-3164
1817
-4816
-1044
7233
4868
-182
823
-564
-1629
3714
3937
-5705
626
2127
4127
2339
2167
310
1130
-2937
-1044
4346
4346
1509
2383
804
7515
2360
1391
7070
-732
-5265
-2419
793
5283
-3559
3950
180
-950
327
-272
-8974
-2935
7013
1150
1932
608
6768
2423
-252
-295
7364
-3735
-5385
-695
-2935
-4386
1638
1244
7748
-3692
-6774
4068
3284
-6234
117
-4816
469
-2462
8769
-1563
-84
8326
2511
-1576
2347
1348
-204
143
-1649
380
-7122
-353
8173
-2937
1154
1608
-2501
6436
-362
2657
-2113
2681
554
5101
4399
1379
814
2961
-6392
7233
-2754
-1490
2698
499
1739
-2433
-949
-3150
4786
595
1181
16
2557
-1896
4938
6530
-732
820
-1447
-6392
-431
3629
-1177
-1694
-2024
-107
-870
-2456
-6234
-2916
-1515
31
3697
3194
4047
4332
1608
3308
-4681
2368
-498
-362
3950
-1759
-1521
189
-794
-996
2397
-362
4965
3087
2016
1639
1244
-474
4037
2329
-2916
-773
6783
-671
2892
6136
5069
1535
8517
-2140
-1642
4236
-4495
-4196
380
1872
-233
1550
3629
-2567
3778
-7128
-1608
434
6667
-1447
-4316
1583
4965
-1857
-3040
-1588
585
-3712
-4726
4531
-2419
-6546
5521
804
5133
-1729
-4494
517
-2880
669
-6164
-1068
-8974
-1374
4967
2944
6251
-4201
-2024
-7048
-1298
-6338
2698
-4000
6910
-899
-4768
-1649
1325
-1465
701
6783
-3618
-1465
-2155
1325
-2147
5786
3394
-773
-146
-1857
2440
-2956
-1521
258
-4646
-224
469
5805
-498
-801
-3695
-2147
1242
-5149
5840
7013
5107
8160
-1068
1489
-2452
-5439
4468
-4846
4037
-1759
-140
820
-899
5200
-541
1338
8563
-2573
5285
-3340
-1546
3425
-5416
-4191
3574
5856
-1618
-414
738
1163
-564
-1558
-5156
1283
1602
2440
2674
-190
-1526
4951
-594
181
2233
3122
-1874
-224
1590
-305
5556
3574
1488
-5156
7546
5495
-564
3563
1382
3010
-3868
-204
-1642
701
4868
7233
2093
-647
1872
219
2206
-7048
-2090
4800
-3510
-270
-6260
-801
2474
4928
-272
3010
6551
-9276
4253
-2501
1509
-224
-1000
2944
94
-870
1325
8068
-3929
6160
-1188
-1208
-4553
327
2056
-2525
-3040
-702
9330
-3340
-3932
1324
3921
-6196
1638
3409
3845
-773
-4388
506
-6104
-1068
-178
4019
-5149
5840
-660
-3830
-6164
-5149
-4681
5265
438
1990
7300
-5156
-1298
423
-4479
523
818
-1952
-2910
1398
-2147
-1952
-234
6089
-2209
2016
-6372
-3618
-3583
-5629
-1490
-7078
4928
-1995
3778
-4494
-1379
2026
1325
7612
-1215
595
-270
804
-1177
688
-567
-1857
-84
-2025
6091
-6308
-4479
2397
1440
5887
-1197
-1177
-2941
-4018
3610
5080
-295
-5439
1154
585
5790
-5372
-2904
3214
-2688
438
-5713
-791
4967
-2874
6793
-2937
5845
1838
-1374
716
94
6667
2790
7748
3476
-3679
-1090
-2858
2422
2784
7070
1220
-5713
189
1376
1639
1181
1375
3285
2805
-2716
-1702
2997
-379
6530
3108
299
4157
7870
1035
2347
-2140
4967
6902
-5705
-2874
-1000
-2496
949
5856
-4167
2707
2416
-1729
-4571
1817
1555
-1588
5521
-5533
1192
949
1739
-5156
-68
4489
-6519
5080
-2843
-2742
3606
-541
-1374
3685
4489
-5829
-4691
1242
-3847
-6676
-2456
-1694
5428
-370
4531
-4388
7364
2572
673
176
608
-564
-669
4171
-1702
-1068
-252
3524
-3692
-7079
-2716
2054
-5595
-385
-1515
973
6091
-134
3374
2394
-2468
1021
-362
-7085
-7125
-4167
-2904
2674
820
1451
1639
2014
-2754
-5156
1583
-3486
39
4019
-6196
1150
2329
-1215
-2030
4268
3425
6499
1451
189
-4691
-2843
2113
1502
2698
-182
-3960
-6951
7097
94
-4553
2103
7425
4928
2572
-2816
-4755
-2433
-4439
-254
302
-4096
3751
7498
1758
6328
-5439
-6104
2416
2206
-2904
-567
-1374
-4174
8644
5642
-6001
181
-4031
-2688
-886
-2573
6500
3574
8160
-2232
3540
4521
3606
-908
-431
-745
3845
2064
626
2423
-6774
-3929
4965
-1930
-5595
-1636
667
1605
2698
547
-7709
5614
5047
-1636
-567
-1521
-3051
523
2961
-2147
5986
-5446
7364
-7079
2983
-4553
-1684
-2747
923
-4201
2707
1376
-7079
3324
-6104
438
7748
5946
-7240
1822
-1717
-5846
-1954
6768
5991
3950
7282
2793
-1759
-1177
-1068
-362
1518
-2025
851
2718
-2424
-4000
5080
-7122
-950
5323
-8245
6783
2127
-1036
-2912
-1454
5614
791
2961
-1627
-6519
7546
-5149
-3268
-1162
-160
3388
2983
-5158
8769
-4691
6716
-3847
5285
-3603
333
1242
-353
2793
-306
-596
-7240
-5165
-2404
3556
-1684
3331
2889
4210
6091
3388
547
7368
-6912
2997
-2962
-2747
8014
-695
5101
-870
6718
-1447
5873
-4016
-4726
7647
8644
791
-5149
-553
-8559
-669
-7581
2422
946
94
3168
-2646
-222
-988
1008
2014
6091
1382
5285
-1372
-1447
-647
5047
-1188
-596
230
-3190
3485
823
-1447
-7078
-7230
3782
5045
2423
523
2056
1979
-1882
927
6499
434
4938
-224
4965
-1447
3214
156
-81
5786
5323
-2571
1244
3331
-3810
2097
-1247
-173
6662
-1857
-1447
1181
2368
2475
6251
-553
-5728
4967
1308
4609
1518
469
5532
-7079
2511
6551
-5014
143
-3219
318
-2461
-1193
2718
-1000
6667
-3670
-2387
-7238
110
-6050
4716
8511
4047
4938
-2941
1990
-3692
-4989
-940
4965
-2956
-6591
-1857
-7128
523
-1636
-594
104
-996
-4323
2718
-4962
3921
4037
330
696
-7411
-5038
-7085
-5474
327
3284
1724
3544
3986
3850
-7079
2422
-6833
6336
-1760
-2954
-7099
-5372
1130
6699
3845
2127
7070
-899
-5042
-5397
4559
1021
-2462
-525
-791
-2877
82
-1618
-233
-773
793
-2147
3331
2422
-4031
-160
8326
8511
-4323
-3164
4210
-4846
3168
2718
-6774
3829
-5372
2016
-6519
3308
-3209
-3040
-5149
927
4980
-629
5271
6699
8014
1451
1829
-2935
7364
1394
-6519
-8974
1376
212
-4610
-1694
2572
1590
-1742
-4688
-2209
-2090
2329
2014
-4191
3563
-5184
7155
-9295
1308
2132
2339
-2962
-1427
-3145
6011
9070
-1454
-702
-1684
-1882
1724
3714
-6139
3697
2233
-4962
5704
1130
-1032
-1447
851
4226
-5439
5840
1584
-1759
-6372
2777
8644
-1917
-964
-2433
-305
4604
-5372
-525
-6988
3608
8326
-5200
-5337
-5439
6499
1451
-950
-3603
434
2127
-2623
-4794
-3164
8488
3082
1817
-7801
-6951
-618
1857
31
7546
2681
1348
-5595
-4794
5786
2113
-2996
923
5228
-660
1583
1562
4888
-4388
-4794
-234
31
6500
-1166
-463
2397
-1090
-3847
-385
5682
608
-1586
1938
-2524
716
1488
-870
-2571
-1427
1163
-2910
-1215
3937
-2742
1244
7546
-2468
7612
3308
-899
6328
-6164
3345
-430
3524
143
2206
-2716
-5392
-2747
7425
4531
-5713
299
-2468
-1667
1142
-7078
3388
-5629
-4584
5454
-1930
237
2360
6662
1379
-5474
-1215
-1882
-5149
-1588
3476
1772
-490
2233
-2024
6530
2674
-1608
-1753
1163
4346
189
-224
-6338
-2113
3108
1739
3345
1662
-3626
117
1772
3778
-1954
-988
4157
-794
194
-1882
2576
-3929
-1608
-4741
-6911
-1379
5845
4241
-2090
6783
3950
4127
-4859
523
4676
-6676
324
-1162
1979
5107
-2912
-6050
5101
4157
-870
3803
-234
7425
-7240
804
-1032
-6234
8488
-660
3937
-3051
7282
-1717
523
-949
-2147
804
595
4928
-2941
1607
-899
-1446
-305
-4000
4521
-2433
-6951
-1428
3714
3462
-669
-81
16
7134
-5629
1244
-1563
1583
1379
-1032
2397
2416
5790
-3968
2250
-3603
2688
-7994
-2551
-732
-3209
-5713
-2024
-2524
-1649
4925
143
2698
-5498
7368
-4846
-2096
547
-2562
-2139
6436
-1427
2986
-1446
-8188
1348
5805
-2024
378
-567
1932
-4584
-1642
5704
31
-5165
-5265
-3960
9070
-4962
3170
-8
2961
-3830
2540
-5372
3409
3367
-124
3920
503
-430
2339
-414
2360
7425
82
-5038
-2184
-1044
7546
8488
-4688
5550
-2496
-2956
469
-5165
-2424
-379
2674
814
5790
2223
-7709
-4691
738
-6699
4680
1536
-2128
-1878
-2184
-5446
1258
4604
3563
2233
-242
9070
1638
-224
667
820
-254
-676
7097
-295
6667
3633
2416
5873
1008
237
-6050
-2925
2511
2688
4925
7364
5716
1857
-5503
5228
1308
1376
2339
4047
4068
-7238
2019
-5158
667
-242
4172
874
-1558
-720
-3145
1609
1583
1244
242
-4031
-7128
-1667
3308
3540
506
-4479
4978
-2155
-4167
4496
4928
-1558
1244
2339
-7581
791
5805
7370
-3616
874
8049
1758
-5595
-5184
299
-3331
8068
-7767
861
3629
-6591
-153
1176
851
-6699
-538
-463
-1588
-2150
-3616
-124
-3486
820
-178
2986
-6418
310
1324
-6050
-96
-671
6551
1590
3425
-4096
-5149
-6260
-1995
-5567
6716
1078
2329
-5503
-2551
-3968
-6911
1636
6551
1990
-6546
5047
-1938
-5567
-2816
-6234
469
-2387
-2468
7345
-950
1562
-140
-3435
2233
-525
3424
-353
-3695
362
786
4680
-1374
180
-233
3476
4680
-4386
-4962
6716
-1374
1387
-4096
-2910
-8676
1376
-8974
-1428
-6308
-6260
-4174
1638
-7099
1451
1035
7841
-4096
-1521
2537
-3063
-1208
4019
1732
-5595
6662
526
-4000
1509
423
-3219
-852
1518
-7801
-5846
2064
-4233
-140
-4217
4289
6530
4489
-2184
1348
2383
4521
181
-2461
550
-224
-1930
-886
-7048
-4553
-3929
4171
2511
3743
-7252
-4610
1130
1451
1724
-2466
2944
277
-3603
-1207
-2551
-5416
1822
143
-7335
-5385
608
-2925
554
-185
-25
9330
-3968
1838
-3435
716
-2962
-2688
523
-81
-6100
-647
-594
-5397
-3929
3388
-2623
4172
-1197
2944
-1162
820
-2937
-1044
-3830
-4553
-2904
5786
891
-3868
-7048
2986
5265
2537
117
-25
-3510
1382
-4031
-7252
2416
-2688
-1694
-1162
-1465
1324
595
-1930
1176
5428
1502
-1526
5550
-1615
-4196
-1515
-2904
3751
5080
-1930
-5042
4069
-7240
330
-3712
-1374
6808
7070
1119
2892
-525
1181
5045
-1649
-2937
-6591
-5629
-3830
3608
82
5101
6667
3762
-9276
5428
-7644
1536
-2096
-5392
-2551
-4494
-4040
212
3574
-4439
-2716
-4040
7515
-2524
-1605
1584
5271
-5503
293
4459
6089
-1372
-2877
-1667
-5439
4459
2892
1337
752
-6050
-2113
-224
-1760
-5498
-27
16
4037
2983
-2573
-1576
-2623
2461
-4859
-1938
2360
496
5200
-830
2475
143
324
2793
786
-5149
-1073
526
1602
1379
3285
2889
-6392
6091
-594
299
-1177
2784
-1177
-1954
-3100
-2858
7300
2922
3743
-950
-362
-5595
2889
547
-3315
-2956
859
-4741
-801
-8245
3476
2461
5484
1021
4236
-689
4157
-4962
2922
7282
-4494
-1717
-1427
554
6818
4468
6699
4800
973
1387
6628
927
3082
-4766
-3209
1732
-5439
7155
-160
-3100
5101
259
2223
5323
657
-1729
104
-553
-2232
-4353
5856
4068
-5397
-3063
626
-1618
738
4241
-1882
330
4459
1605
-996
318
506
2016
1828
-5474
5323
-3547
-7099
-68
5126
-5446
3743
1785
2422
-5474
-9276
-4553
-7078
-1729
-3810
3937
2922
9070
-7048
5228
-7078
6354
362
4068
3425
-1193
-1917
4868
-2646
4559
3610
-295
-1181
3778
6190
3977
-7913
5275
3168
242
-6911
-4439
1258
2103
-5629
-6605
3574
4978
-1615
1035
2475
5126
7370
8078
-1588
-4495
7612
-4507
3574
3485
3462
-3960
973
5454
2097
-185
-7994
804
293
-3510
-4470
-3618
-1608
3778
-5397
5786
-4553
3986
861
-7767
1181
7671
2983
-1036
2360
3476
-2916
-3040
503
324
-1642
-4726
7870
-3040
6718
-6234
2784
4675
3285
-474
3485
-5372
3803
-4018
-3219
39
1192
3107
-2962
-50
-1044
-4479
-5038
-5705
-107
438
-2452
2129
891
-6833
7425
176
-1068
5126
-7122
823
3540
-1662
5471
923
517
-4094
2383
-4755
-2024
-7801
5716
2223
-3868
-1649
4632
608
-4201
-5096
-134
-2910
2557
2233
-4688
3122
237
1338
1244
2132
4976
-5498
156
-4576
-5705
1220
-2858
-1662
7841
6136
640
-2090
-3616
2127
-1207
259
6699
1051
-4191
688
-7767
-2910
-3040
-7085
-870
-1576
7345
-50
3367
3367
2707
4127
-2858
4928
1314
7671
-1446
4951
-5149
-7122
5495
4069
2257
5047
526
-618
4978
-3331
-155
-1090
1518
-702
-1193
3515
-3583
3108
2127
-3798
3782
1638
1008
-1379
1314
5547
5856
4489
-4741
5786
-4515
-1447
-2140
3585
242
1192
1536
-25
-2473
-5567
6160
-5096
2394
1817
324
3108
2347
117
-2139
-1874
3563
3778
-2962
330
7134
-96
1817
5847
1391
-147
-182
-4000
861
3485
1518
-4323
3224
-2209
-3732
-4610
-1521
4332
-3712
-3331
-3559
3285
-3315
277
8049
-629
3324
378
-1717
-6951
237
6499
5069
-1938
-720
5133
2233
-9295
7748
-4138
-1954
-3559
2097
2537
-695
2186
1562
585
-3040
-6392
-4768
1398
2026
8488
-3836
-2184
-2096
554
851
3214
4127
143
6584
2889
5285
-27
-7913
3409
4210
4127
1130
1314
6716
-567
-2646
-2353
-660
3388
-185
-2904
1638
8517
517
4680
4925
7345
3950
688
1119
-3968
-5337
-272
-5533
3194
-5474
820
-8269
-370
532
-911
2127
-5713
4786
1035
4967
4379
-4989
3685
-2858
-5567
-8269
-9295
8014
-1729
-2740
3633
-3968
5946
2397
362
-3963
434
-4688
-50
1025
674
1394
-3932
-431
7671
3476
1838
-7913
2416
-6418
-2147
-5416
-4584
1518
1536
-7644
-1760
1502
-3616
4928
1337
-353
-1073
-2754
-1188
-6557
8503
-852
-1629
7345
6190
-1207
835
-5705
6218
-27
-254
-3616
-1374
1583
1608
333
-1374
6551
1536
-2024
-3164
-627
-473
626
5946
-794
1382
-3932
1242
-2646
3629
-1642
-4374
-2803
380
402
645
-431
-178
-2646
4951
-6100
7515
-4571
-4853
-2468
4210
-2090
-7125
-2827
1375
4253
5642
-134
-3331
5521
6530
143
6584
6429
219
2718
3751
-6001
-5840
1822
-96
-7335
-370
-370
1590
2944
1360
-5416
2097
-5265
-2501
-6257
669
-5156
-4174
1021
-3792
-745
-473
4253
2698
2127
2681
1583
-414
-567
554
7498
-2150
4069
20
3224
402
8488
-7252
-1515
-3268
-7099
-3164
-1952
-5629
1732
3714
-831
-6967
-5446
-6605
820
5228
-4494
-463
117
-3976
859
1360
143
5521
531
6336
2681
3920
-870
6160
4379
1990
-2688
1130
-6721
8173
5716
-5439
1822
1562
-2646
-4555
39
-1181
3168
-185
-2742
2784
4325
-702
7612
4965
823
-2025
4609
2961
-1662
-6951
1398
5126
-2468
-6257
2127
701
3608
3608
2368
434
1488
4976
820
1192
595
-4794
-1207
7282
1398
1502
380
2707
-1465
1662
-4515
4928
-185
-3830
2129
532
-3836
-2030
2698
7364
-4439
-1742
-6519
-463
7013
1451
143
2026
5228
302
3751
-2387
219
3950
3374
2718
1244
-2571
4468
-2473
-6591
1488
2557
277
-594
-7082
585
5107
-6951
-5042
-5014
-5595
-140
-618
793
-1954
7671
5200
-706
-2419
3409
-1995
688
3394
-2419
-3830
1502
-3626
-1627
-134
-4571
143
-4000
302
3374
-252
4037
-6015
-6833
5126
-6050
-6308
677
585
-6255
1838
7546
4925
4241
6089
-1521
503
-190
7364
1602
-5038
-870
-5503
-4768
-627
20
-1931
-5200
7791
16
-306
3685
657
5285
2944
1638
-3609
-593
5228
-2419
-1428
1739
-4688
6190
-4167
-4323
-2956
-7411
1584
-4316
7498
6902
-463
5790
-6676
-2571
-484
-2646
7655
5471
4379
-96
-7252
6910
-3331
949
1732
5045
-5392
-1662
-1260
-2496
-84
1570
5521
5805
-1753
2922
-2935
-3792
7515
-1954
-178
4609
6336
-3963
-1615
2394
-2266
7134
-483
-3063
212
-689
-5372
-295
-6699
2394
2537
-988
-801
1348
-6338
-5184
5285
-1454
5285
-5503
-940
-1197
-5846
-2524
673
-2140
2983
-4040
2674
-4096
143
6783
-4174
2416
1398
-2843
669
6808
-6104
-8269
-5629
1489
3374
-484
640
2250
-1742
-5498
1197
2922
-385
3524
874
-4495
6530
-1558
2790
-1952
1872
1379
-5200
793
-1615
4346
1605
6160
-2716
-4415
-3938
3424
-3583
-6605
-3714
851
-3714
2097
258
1502
554
2688
5946
-2912
2594
820
-3792
-7581
3367
2233
8014
8644
-155
2557
7070
3122
4716
-4479
3194
-3264
3194
-431
-3963
-1917
-2466
-6988
-3968
-5474
7612
-7078
-3732
4468
1724
-4353
2167
5704
1979
378
1338
4127
973
-147
5847
-6833
-1702
1829
4496
4019
5991
-564
1248
-1636
-647
-3810
-1204
3424
701
-1684
1051
-295
8014
-3712
-7644
-6164
7655
3082
6336
9
5200
-1753
793
6091
-2740
3540
1181
920
4604
4868
-6699
434
-7128
677
-1036
-773
3170
-1526
-6802
-720
-6257
-2672
8160
-1447
230
5101
-4551
3743
-6912
2628
-4794
3950
3556
3284
-6104
4786
-2466
1662
1838
194
-940
-3626
-483
-155
1535
2054
-6001
820
-567
3409
2019
-1177
-1044
2474
1739
-8676
523
-5713
3270
-4768
793
-1446
2628
5845
4565
1387
-7078
2688
6716
-1588
-2209
378
3986
-146
-6676
2026
5847
-134
5840
793
7671
2474
-2524
-4551
5840
6852
3194
1391
-3603
1387
-1938
1324
657
5045
4068
-6100
-3792
-2912
-224
1990
804
-353
-4138
-3051
4346
-7125
-2473
517
667
-4415
5323
3515
-178
2132
655
5080
-2657
4928
2093
7791
-3712
-178
-4096
820
3850
3270
2014
-1586
1609
-2827
6808
-2147
-1207
318
4346
-3714
495
469
5786
6190
-5498
-3714
-4576
3285
-3482
-2925
7336
-1729
-3695
-254
6499
-1882
-5967
-6557
1536
4925
-2858
1314
-5156
-3714
-5385
39
-7411
-2747
3409
-4766
-4217
2475
16
-4495
-1454
1772
4325
793
9
4680
2707
3108
-5038
237
-7125
-2464
-431
-6234
2813
-6967
3803
-1717
1638
-4316
2016
5271
-140
-1608
1315
-305
-7622
327
-379
4967
503
-2803
2922
1008
2474
-190
-4167
-2562
-4386
7826
1489
1379
156
-1526
-1717
-6912
1838
-254
2167
-1631
2383
-2858
874
189
-1188
-2466
-6591
-8615
-596
-3279
2056
-155
2628
-4755
-2858
-4691
-1166
7345
4928
5991
6436
-2916
-134
-483
-3735
-2816
3986
3685
4938
5428
362
-4096
2272
1605
-6205
-7085
1639
8014
2129
469
-4316
-6911
7791
-3209
3608
499
626
-8245
-4191
-567
1636
-6162
657
4965
-594
1451
4632
2383
-7048
1570
4068
-4646
-1166
-2996
-233
6218
1772
-7913
-570
983
-2501
-5503
-964
2484
3574
7546
-1742
-134
-4646
5532
6667
-1717
-660
6429
-4646
7233
4399
-3268
-155
3921
-3798
2805
1176
-2827
-2112
39
-222
-773
180
5120
3778
-2387
585
-4553
-629
-3929
1488
6354
5986
3425
4127
1838
927
-3976
1315
-3609
-6139
2093
2394
-473
-430
752
5101
-2501
3608
3194
820
7282
6902
5845
4496
1590
4868
738
-224
7647
-2941
1758
1785
-8974
-4021
8769
4047
5126
532
-7011
523
-146
156
-484
-1177
7282
-4507
-4167
1636
5454
6530
-2694
-1878
-6100
-2954
-1649
-2419
1248
2805
-2353
1382
-224
-1717
-7206
-4174
-1694
259
1828
-884
-2925
5228
-2246
310
3388
3867
3409
-2112
-3418
1838
-4316
-233
-4794
-1379
-1558
8078
-7079
3778
-902
-107
8014
-564
4531
-1260
-4816
2681
-3447
-4553
-2646
-1759
1387
4928
1051
2892
-4439
1398
1938
3633
5840
669
5873
-695
1348
1502
-9276
8503
-3559
-884
242
-27
9070
-31
3194
585
4978
-3679
3608
-96
8563
-570
4253
-3547
4468
804
3424
-1000
-2740
-4571
1360
-6164
-4096
-1608
-3792
212
1130
-3735
6667
3829
1562
-4816
-5705
2784
-4096
-4316
-5078
1360
6793
-3609
-5200
-6392
-2688
-1374
3574
-3268
-3960
3331
1583
6699
3606
5786
8511
-4096
-25
4938
-6519
3485
673
2054
-732
7748
-1896
-7011
3331
1324
1025
-254
-3609
-3603
2167
669
1739
526
3308
585
-1181
2961
-81
-3960
8554
2397
6718
-1882
-2501
-4217
4888
-676
423
2126
-4096
1662
3284
523
1662
-3714
-3510
-1162
7671
923
1555
1391
5991
3697
4019
2312
3608
4928
4786
-5014
5790
8049
-4576
1562
3585
-5673
-851
6530
277
-2113
-852
-1649
1348
6872
-473
2103
1338
667
-190
-6699
3697
-4233
1602
324
3108
-27
-2562
310
318
1181
3606
3556
6354
7647
-2925
2250
-3190
1315
-564
2657
1932
669
-4021
-6418
-4415
-7078
-2112
318
2681
5107
-2155
4531
-2030
-160
8554
1822
-474
-5503
1605
1220
-1629
-1427
3089
-155
-4859
3462
-3418
-306
-3938
804
-5533
-2816
-4394
-2740
1822
-173
2167
1518
5845
302
-6833
-2464
3270
1570
-8615
2127
923
2416
820
8769
-525
1536
-6676
2103
-553
1119
-7801
-1490
547
-949
-6257
5532
-2473
-2090
1509
-1662
-7206
-173
-886
608
-8676
8160
2474
1518
-4167
-3547
1142
5126
-4794
104
-242
-2567
3409
3324
-1447
814
-618
820
3633
-147
1872
4559
-4515
3977
-7335
-9276
1130
2805
-3268
-1649
1365
495
4496
-2937
4868
-3938
3374
-4016
7425
-2112
8160
4925
2014
2540
946
-4191
5323
786
4967
-3963
-1874
1244
3374
-6196
2132
-305
2360
9
380
5840
1192
499
-4688
7748
1315
-7011
-4553
230
983
5285
1130
1130
-1032
-2112
3574
-6392
-5337
-2941
-5840
-1166
-7128
-6774
230
7370
6160
1242
-379
104
4680
3685
-7082
-2816
3867
-594
4888
-7230
-5705
-5533
-5156
-6557
-1675
3214
-4000
110
3270
1570
-3340
1817
-3679
-3264
5873
-6911
5786
2360
-2956
3194
-1071
-5439
927
859
3425
2093
-2962
-1576
7425
2440
-3938
-870
-3164
-6001
5107
-1874
-5042
-4196
-3550
2922
-3960
-6308
-1684
2511
-3792
-940
1192
2698
1639
-1071
4069
608
3425
-618
4332
3053
2718
6354
-3732
-1649
-2112
1338
1509
526
1150
4609
823
-1546
-2740
3685
1583
-4374
-1298
258
4127
-2246
-84
4068
1583
-490
-5567
-6605
2961
-4016
1338
2698
-2742
-2501
-791
-899
2983
-4031
3544
820
-1090
-1618
1440
3608
-9295
-1521
1489
3524
8326
-3418
-1298
230
1196
5614
4496
-1938
-484
-1068
-627
-4741
-2468
-7581
-1044
-2910
4325
-153
2594
1662
7364
-6050
3409
438
-27
-25
-7099
-3314
-31
4289
-7644
-473
2944
1376
-7709
-1427
1037
1489
1325
-4508
1163
-4470
5873
-964
-3929
-6418
-4374
-7644
5682
2944
2397
1130
2127
-6988
608
-2996
1758
4786
4127
8488
1536
-564
-2956
438
-1166
-463
-2461
-4316
-2246
3331
6251
4776
-160
2688
814
5101
4521
8511
-3692
1176
-1857
6328
110
9330
-305
-830
4210
-2672
7345
-2740
3394
949
2312
-3714
-1427
7368
-1215
5265
8563
6852
3224
3515
-1036
4210
-2719
8488
-2090
5547
-5629
-7767
-6967
1638
1119
1192
946
2257
1609
983
7134
-2562
-2209
3563
3544
-1374
-2468
-4515
-7240
8503
1724
6699
423
-2719
3782
2113
-3929
-2551
3540
5521
-3150
-7622
-254
-4374
-2571
2103
-6257
-4479
531
3685
1817
1244
1150
-7082
6852
4980
8554
-254
3544
3374
793
3921
8068
-1931
1376
-2456
117
-4018
-5096
-996
-1618
6718
946
-431
532
3714
2097
-2941
-7099
-5014
-2688
-5078
-6951
4489
5704
1181
-272
-3810
4127
-1032
-1930
4241
8769
4236
-7078
-4768
4531
-3968
-1629
4680
2576
-2827
7546
4268
3270
-4323
2064
820
-1938
2983
1535
-2916
2014
-3847
-1729
-4508
-5397
-3340
104
1732
-1210
-107
-899
-4494
874
-6774
-7078
-1374
-3145
-3486
-3963
-2719
-7622
5107
5847
-4846
2698
-2128
1535
4253
3937
-5439
4967
-4494
1797
-2941
1758
814
-5184
-3836
2922
7300
-3190
-1526
4609
2272
5840
1829
3367
-3279
-2468
-4018
2718
1181
-4495
496
1550
4325
-2501
4925
-3486
1518
7300
4632
-3447
-7082
-3968
891
9070
189
1739
1607
-6139
2484
946
-8245
-3447
5101
6793
677
2793
3425
-5498
2688
7300
6091
1130
-949
701
-5265
1154
1037
5283
3524
-843
3850
-4386
237
7791
1639
3010
-3960
402
1008
4489
9330
-6255
595
-3810
-5184
6793
156
4978
-498
-254
3556
554
3714
-6338
-7122
-3938
3524
4236
-791
-1576
3608
-2496
-3679
2557
434
1258
6091
4496
4632
6530
-660
324
645
-81
823
-3609
1248
7841
9070
-305
-6911
2347
-1188
189
6190
3089
-1649
1817
2347
5873
4236
-1636
-2501
-8974
1360
-1073
5614
-8615
-1210
1379
2465
-81
-1917
-1563
-1210
-5439
-1044
-4794
6628
669
-1526
-1204
2257
-2419
4978
-2473
-2925
1609
3476
-153
-1618
-7913
-25
640
6160
194
-2756
-3616
-4470
4069
3845
-564
1550
526
7134
1838
2054
4346
-3279
-8974
1822
-5200
-2025
5840
-1675
-3331
-6911
1590
3850
3122
2475
-2740
1375
-1454
302
7515
-6912
1163
3803
1797
5454
-3100
-6260
3462
4253
-1162
6160
4676
2961
1555
1636
-134
-2962
2394
526
-1526
1584
-5567
4676
1590
-4174
3214
1608
-7411
-1631
-3340
82
-474
1555
-3547
-7767
-7801
-5474
1283
1258
2688
219
16
5271
1078
-3670
-3486
-8676
7364
3608
1838
4868
1772
5133
2383
20
6089
9671
-7122
-4388
2892
-4989
16
1308
5228
1176
6011
6872
2698
791
7826
2961
1828
4868
3462
-5439
5133
-8188
-1374
2813
-362
-2184
-7011
-2113
-27
-2562
-6104
-4167
4965
194
3608
-1073
110
4226
1732
6160
5642
2347
-2456
299
-6519
-627
5200
-84
-6676
-1197
673
-6234
5283
1739
-7079
2557
-4681
5200
327
1732
-242
-1374
-3051
-134
-3063
8644
2784
3409
3082
1154
-9276
-2880
6190
7233
-4551
1379
1838
1990
4268
7233
-1032
859
-224
104
499
39
3778
-1930
117
7425
6089
-5265
-2962
4459
-5846
674
-7048
-1447
299
-564
1608
-6164
-3264
143
143
1772
1732
333
1119
-596
9330
333
983
5786
2657
3986
716
1163
5946
4951
595
-1917
-2694
1535
-4386
-4388
640
3850
3556
5101
3563
-2803
-3219
-4191
4047
-463
-4768
-1930
-4016
-852
299
-4201
5840
-4962
4489
-483
3714
-3264
-4859
4496
-234
82
-3714
-68
-7011
-4016
688
-899
-594
793
3920
-3264
-463
786
-4515
2026
-3603
-2464
-794
1838
-843
6328
4236
626
299
-1465
-1938
82
-3932
1845
-2877
6499
-27
1562
-3836
6902
6089
-6015
804
5285
-5337
1338
793
-1215
-732
4888
1739
-5673
-306
-5149
-2912
3850
-2935
523
-676
-2954
-4768
2016
-185
-1428
7791
1938
-1427
6716
2707
-8974
3544
-3732
-3486
-2937
8503
-5595
3977
-6774
4925
-2567
-7622
-1032
3829
-234
3122
-1260
3485
793
-1446
5786
-483
-473
3563
6190
6783
-6605
5805
-1896
5101
3194
258
-525
3633
2347
-2456
3476
-5567
8563
3803
1244
531
-843
-671
1518
1258
674
-5385
1797
1609
1365
4951
2922
-570
5133
5120
1518
-5014
523
6251
-5337
3285
-1759
6530
2397
2026
-5629
1337
-3679
-618
496
5786
-4031
4332
-2937
-7581
-3435
5946
-3145
5271
-4000
-25
-370
-851
5495
-2387
-140
-1515
-2524
4346
-6988
-3510
1990
-4479
2557
7826
8644
-1615
673
506
973
5126
-8245
550
786
4047
-5165
4978
-4415
-4323
-1465
-1896
5133
-1694
1550
927
293
6136
4925
-7994
-3150
-1204
-3051
-5397
-4766
31
1220
-5705
-1521
-1636
2206
2093
-3960
-4031
-4415
6429
655
3374
2186
-2954
-204
5550
4496
5682
6136
674
4951
-5673
4604
4675
-1759
181
1570
-1490
8563
7364
-4768
-2525
-190
3224
-1090
3762
-2740
1638
-940
7612
793
5126
180
3284
-134
5101
-204
-5158
3107
3921
1828
6500
6818
-1068
-4201
4468
-4353
4965
-5728
5428
8517
-564
4241
-3547
-4439
3388
-5829
-2877
874
4019
-306
2576
-1372
-1197
1488
-2754
6500
-732
-1667
7870
4559
293
1636
-2912
2093
6436
3574
6808
3629
4241
-5498
1244
-1260
-1515
7097
1785
-2419
861
-362
-553
7671
-6967
-1247
-4555
-7240
517
1536
2016
-7994
6429
2167
4632
6793
7546
1319
6354
7612
-669
4253
859
-7644
-2562
2014
4127
920
554
1130
5845
-831
1785
-4768
752
-7238
-1729
1021
-7011
6584
-3331
2126
523
-272
1325
3308
-1374
5840
8014
-852
4967
-3486
5521
-6372
-1995
5805
2064
-234
1570
-5265
-233
-7801
378
2126
6718
-6699
-4688
1242
-5385
4268
2250
2889
-4494
-1447
-949
310
277
-31
-2139
4925
-5503
3345
3845
-295
2557
-5165
-2501
-1166
5285
3977
3170
189
949
-3929
-6260
3462
-4555
-1447
4496
1602
-1878
-6338
2019
-4726
804
194
6667
117
333
-353
-5629
-4515
-306
-564
-702
1197
2628
1797
-2754
4565
-830
5790
7655
-4217
-4741
3515
859
4325
-6196
5682
-8245
-173
7870
327
1325
2813
-3792
-1546
2465
2777
-2716
5790
-2128
4484
-27
-1071
2813
6793
-541
-107
-7767
-3960
7336
1375
-2688
1379
3425
2674
7612
-31
793
5840
-2567
791
5840
-830
4069
3425
1258
1739
-4479
117
-2573
3556
6872
2416
7425
-3714
5532
1314
2129
1314
3835
-3209
2777
-4859
-1465
-9295
4468
-7994
2416
8160
-50
-5446
-270
-3510
-2462
1518
786
506
-474
-4138
-1193
330
3409
716
-7581
-252
5556
-1427
5323
3087
1536
1838
-4353
219
5786
-2754
-7801
-3486
362
-3609
3424
-7238
3194
891
531
3358
-4576
5120
-8245
5047
-4374
5428
-9295
-4374
-2646
793
-6015
5887
1192
-8676
-6519
-1878
2540
6160
3270
5547
-695
-1931
-1667
688
835
6436
1602
7345
4786
4888
-1428
2103
8488
1639
2113
-272
667
6500
-1649
8517
5805
-3314
6089
-7622
-7411
-564
-3847
-4688
1608
-3609
1337
8488
-7622
532
-2956
-830
608
-4794
-3714
194
1518
-4316
-6104
-1036
2813
-4688
-3150
-7335
-949
1838
-2501
2983
-2803
-6392
3424
667
434
1008
2126
-2184
-3559
-7644
949
5887
2511
5547
1308
7655
3053
-4726
2097
4609
-6591
3425
1724
4379
5126
-484
-2756
-7622
3845
4127
2257
4171
1772
669
-2473
2056
180
7336
1638
7498
-1694
5484
-669
4604
2126
-5595
110
2889
-2803
318
2368
2594
2121
-1247
1489
5682
3544
-4479
4938
-940
-3616
4632
4976
-1374
-3810
-2719
7336
-5728
-4316
7425
3544
-1454
-5042
-7709
-1428
-4096
3424
2394
-1379
-567
-2147
-1636
2628
-3963
7097
-4191
1785
-5967
4253
2126
237
4210
-3482
2657
7155
3762
2272
-1465
3214
-2466
469
-385
-1162
-732
-4439
-669
-4610
-6912
2805
-1931
3168
526
2892
1822
3608
6818
3515
-5533
-6255
6011
688
1797
-6196
-5165
8014
1130
-1615
2422
-1447
-2756
-1188
-1521
2097
-3976
2628
2983
3610
1398
6783
380
3585
2360
-3447
1220
4289
-1576
9671
-1930
1638
-5673
-1636
-385
-3670
-1917
-596
-2150
3829
874
-4353
-1586
3388
3388
6615
-5533
-7230
1518
6662
-1694
-6967
1590
-3609
-671
-6912
1051
-660
6808
3194
3087
1319
-270
-4794
-3340
-2562
-2266
-5337
-1521
-2024
2793
-6050
1451
-463
-185
-1588
-1729
-3040
-2910
-3810
1636
8068
7748
927
-1627
-1427
-3836
-353
-2573
-2646
-2155
-2424
-3692
2718
-2623
3270
-182
626
1176
6718
-4691
-3616
5323
-541
-4859
2416
7870
-298
-1208
2312
-1742
-1166
-7913
4675
-5533
2360
1817
4226
3284
-1631
5682
-2916
7070
3803
-84
4888
8511
3829
2423
5285
-1618
-6519
674
4938
1550
-2139
-2843
-4494
3108
-3792
-1208
1315
1150
1555
-4768
7671
3986
-6951
-2912
-4571
277
-8559
4676
2997
2103
-8188
2312
1391
-463
-1181
-1954
804
-5503
-8
-1615
4716
7070
-1896
5047
2422
-483
-224
20
-1446
9671
-2567
-1166
-3559
-1379
4037
-2266
6499
-6308
2813
3803
1638
2233
5986
1319
2233
3089
-124
1376
2329
-2501
-68
-2140
1078
-5156
1181
-1618
-2140
-3732
1150
-6721
-2551
-6139
-2996
-1446
3751
-4040
1130
1021
3394
6818
7870
7134
-2433
3835
362
-7252
2127
-1454
-3340
-84
6872
-124
6530
2557
-6721
1365
-3486
-2925
1196
6615
-4494
7515
-124
380
1365
-2877
5101
180
523
-2567
1387
2056
-1208
-1760
4459
523
-6418
3168
1319
-96
-124
-3792
-6951
1636
-4196
-3836
1739
3388
230
-483
39
-2672
6251
1360
-242
230
-3447
-8
45
-2155
-2024
6662
8173
5265
219
-5372
3285
-6912
5845
4037
143
7233
-5014
7612
39
-2880
-7085
6089
499
4786
-1298
-6676
6716
-6139
804
-463
1636
861
-676
-3268
-1298
-2803
5845
-1753
330
-6951
-830
-2657
5120
-3735
6615
-7078
3285
-2880
-1515
-155
-647
-7011
-1447
814
2793
-4551
212
-3331
8160
-8559
-1878
-5705
4716
-3040
2257
2339
-3976
1220
7841
-272
-593
1828
2440
94
-2694
-2112
-4515
-1662
6011
181
4604
-3418
-1447
526
6429
517
-6591
5840
-4551
4888
-414
1220
2475
3409
176
-1428
-1576
-4571
1872
-4691
-4494
2016
2961
1037
-2551
-4031
1314
-6557
-5498
983
793
4976
1739
-830
4776
-7079
-124
5550
1509
-4000
-379
-773
16
-3609
-4479
-2962
-1576
-3679
9330
2986
-3670
1119
-4551
6354
-3510
-3190
-1073
526
2360
-950
-155
-6255
1314
324
-3626
-4508
640
-2925
1365
-4741
585
5845
-5595
-567
8644
5283
-7994
1638
-1073
-7128
-996
302
-8
3608
3170
-7078
-2816
2681
7370
3331
-146
7097
5521
2892
2983
1562
1375
-2657
1562
-884
4253
3977
-463
1375
-306
4047
-7913
8078
-2688
-6605
-1608
8160
-5829
4171
1562
104
-6591
-1526
-3219
5484
2986
-1605
-3264
1154
2360
-254
1163
-6255
523
2272
4676
-2024
791
-7913
-2139
-3051
927
-3616
-4191
-6721
-3583
-4138
-2140
-3435
4978
874
7282
-3616
-6001
-7252
2312
1192
1220
7498
5716
674
-7252
-3732
-9295
-2128
3762
-8188
1785
-182
861
-3609
-1662
5265
-3418
595
4776
-669
20
-7801
-5265
-7128
499
-1247
-2232
5847
-178
-2694
4157
-1642
-1588
-3792
645
-1857
2132
-2551
-2551
-3100
-2996
-134
-1618
-732
-6833
-4610
4346
804
277
-1563
-1162
4037
701
-843
2423
-7206
-4646
1822
-2935
-379
-4096
94
-1036
-1694
-1208
4019
-3932
-2525
2944
5120
-1526
3563
5873
1555
302
9206
-4515
-2904
-4853
-96
-2904
-306
-1465
-1967
-224
2540
814
-660
-1215
-2935
-964
-6392
2054
-6721
-3510
-2910
4236
-676
-2090
-7767
-5042
258
5550
104
3010
-204
-4610
380
2628
-9295
398
2805
-5533
-5078
2688
2961
-2858
793
7612
-1563
-1215
94
20
259
-7230
8517
-4174
-4495
2576
-4646
-6100
4786
499
-1032
-1193
-5372
7612
-4415
1555
-4507
640
-6833
3476
2347
-4040
-4741
-5416
-6988
-7709
-5265
1324
927
1051
-5184
-7128
-1684
4172
4609
1739
-1207
-2756
-1372
-3268
-7994
143
-5165
-173
1314
-7011
-2880
-629
2132
-4816
-7099
4604
2233
6662
1639
-899
1244
677
6584
-2090
5840
5101
4951
302
2121
2368
-3315
259
4531
-4031
-6912
1365
983
3285
-2462
-1759
3010
-6205
1570
5080
3331
-4553
2944
1488
-484
4171
531
-7240
-5416
423
2233
-4553
1324
-6257
-629
-2039
-902
-6139
380
526
6852
9671
-3618
-3963
-8188
-124
-6255
3089
-1675
1398
2026
-2567
3610
3462
310
5991
716
655
7097
-1204
-706
-3164
-3692
3367
-431
-50
6902
2093
-4853
2416
7546
1932
-242
-886
-8974
1570
673
-3100
-4989
5887
4346
1324
-3976
-831
-2716
6584
4468
2129
-3603
949
7791
7300
-6015
-3063
-96
3010
4379
-2096
3608
-2803
-1166
506
2961
3108
2511
-5513
-7082
6218
4888
-4859
-3486
2484
-1882
3920
6615
6670
-6338
-831
2475
-5096
-4584
793
3107
-4768
6136
-706
3224
3462
2312
16
-5629
3697
1387
-1428
-564
-5149
-1930
-1667
-3618
2097
-3609
1785
1602
94
330
-3583
4171
-3626
3122
7070
-4016
3743
2186
2540
786
-2139
1489
-6721
-553
-671
-1717
156
-431
3608
-2562
5428
-3968
-2877
-791
-27
804
6499
2097
-3695
3308
3194
-1576
6793
-4794
3087
1197
804
-4741
156
-3960
6091
-1563
-852
-2128
-3486
-1298
6615
-2843
4210
-81
3977
-2039
-4174
5283
-851
-6591
-7709
-1563
716
-870
1535
2097
5101
8488
181
-5184
3574
5991
4069
-801
-3960
851
657
-1204
-7078
-4167
-3810
3358
7870
-2266
-1930
2777
5521
3107
2892
949
2681
3762
-2209
-4094
3608
4241
2594
1119
469
110
-899
-1490
-5713
-2843
1142
1502
-6721
3425
20
-6164
8554
-6951
-940
-2956
1758
7655
-1447
851
1857
5786
804
-1954
-1662
-3314
674
-6802
324
-1938
6615
4157
674
2805
-2937
786
7070
7336
-773
-2496
-81
3782
-6139
7134
-1675
-7913
3194
2272
657
-1694
-1207
-564
-50
503
-1073
-6519
-4217
-1260
-9295
362
2440
-732
3010
1822
-732
3324
891
6662
4171
1379
2681
-3583
5454
5887
-1882
6328
438
194
2103
1130
-886
-5629
330
-3847
-1702
-3279
189
-1882
20
3324
-7048
-564
-224
-1702
237
-870
-1558
949
324
8049
585
1638
-1000
1379
1602
4521
4325
117
-5156
-2877
-4553
1639
3308
-1036
9206
-6911
523
5454
2944
-911
-1465
-3968
-7128
1535
-6139
5101
3010
-7122
4676
-234
-5474
1584
2594
4976
-2935
4716
-7767
-1742
3214
-706
-4323
4268
1979
-204
3324
-593
3867
-7709
3556
-6951
1570
4868
5069
-2039
1348
-2858
-305
8068
20
3358
3850
-1588
-484
-96
-3679
3920
-4018
-233
5840
5069
330
-3150
-1465
-6139
1990
219
3087
-3482
-2112
-7048
2997
3053
4604
-6050
-31
-2039
237
-5967
-4681
-6699
8173
-964
5080
3358
5847
-1374
-6967
4967
1550
1590
-3792
-1197
-5158
-8615
5126
-6104
8554
5080
-525
608
-1729
-6699
6818
-671
-3810
-6951
-1526
-7335
1337
3585
438
1037
258
1308
1037
3829
1990
2212
1636
6662
8488
5484
-2996
5532
1938
-4989
5887
-5840
7134
6852
4632
4289
-773
-1753
-3063
-5595
6499
1932
4521
-676
-1629
-2954
6808
1181
-4031
2126
496
7748
6699
5556
1308
-6015
330
-3732
-2646
-2912
-8269
-3447
-1618
4268
-1374
-843
-270
4521
523
-2147
4632
-84
3462
-4571
3409
-7230
5200
1382
2233
-3938
-794
814
4716
-474
-3732
823
-1857
-3435
-1631
-2461
5101
-1675
2944
677
1607
-4610
-1446
-2904
-1931
-7411
-134
-3932
-5149
6872
814
-1631
7748
2986
-7994
5126
1724
-1558
5704
5986
2014
3324
-831
-3626
-2468
-5713
1829
-1675
-7011
-949
-4726
7345
-6255
-6234
3920
6910
-1649
-233
1845
5786
-1193
1348
3476
1181
-68
6336
6530
4676
2056
4047
-7411
2360
-107
-379
4632
-385
5471
2347
5120
-4571
-669
7155
-3830
-490
2922
-1759
4496
-178
1502
3937
-473
-1162
-6308
-1930
-5629
-2756
4716
-146
5285
-8
6615
2474
-1215
1535
-7709
438
1196
-1995
-2524
-1631
-1188
4468
-676
-414
814
3556
-3550
7097
1828
-5416
94
4289
-1197
-1298
-6260
-2184
-3798
585
7368
-5372
-7079
-1857
-6591
-8188
-1521
2540
8014
-564
3425
1838
3751
-3670
-2501
1324
3053
-801
2212
-1759
1376
-6372
4127
-3279
1590
3751
194
946
2983
3608
-5165
7364
9330
-6260
-2147
-8676
-1428
-353
3485
402
874
-2096
-3435
-689
-2424
-4794
-2433
1150
1319
818
-6546
793
-4040
3867
5283
-5474
-6699
-7411
-1454
2961
973
-2525
-6308
1130
526
-3510
1130
677
2657
-8245
657
-473
-4571
4171
-4353
6218
-6967
1379
-4508
3345
526
-5385
2186
-7048
-669
-6967
-8974
-4576
5805
4604
-3735
4253
8517
1502
-3510
859
-1044
2688
-6988
194
-1032
-950
-706
-2139
1360
5856
-720
-2935
-134
8078
20
-911
8160
4632
2167
180
1154
-4479
3986
-4388
-2551
1857
1037
-538
-2623
8173
3284
640
2688
-224
526
1119
1376
-4576
-1446
-96
-6911
-2562
-173
-473
3285
-2184
1150
891
3829
5069
793
-950
5887
-3051
-4191
2019
-6988
-5149
-6802
-224
523
-2962
-1427
4786
-2657
-2740
-2112
-254
4676
5704
-2419
3424
-1629
-2937
-6418
-298
2572
2474
-362
5614
547
-2209
820
-1090
-2456
-5416
503
3685
3087
-6255
-147
786
-2456
1829
4776
-27
645
4047
-4394
3556
6793
5790
6699
2674
237
804
-1753
3556
7370
-2551
143
6336
-6557
4938
-2688
-1193
-4853
-6912
-1181
8563
4268
3476
-4495
-155
258
2793
3107
4967
3089
-1204
-2877
-1995
-4688
8511
7233
1379
1037
5228
4680
-5967
2474
-3331
-4096
4888
3089
-1649
861
-5149
5133
-4386
1051
2186
-3626
-498
-702
2777
-1447
-8
-222
-1166
-2937
-1605
2014
1337
-298
-2996
791
2212
-1631
-2024
946
4521
-254
-3932
-949
2103
-2874
-1162
-801
-498
-4515
-3583
-1260
5556
927
3515
-379
-2147
-2925
-7767
-4766
-185
-1938
2026
-4016
-1995
423
1130
143
1662
3367
-1372
3394
-6557
4976
-1586
2461
3633
3629
1051
7612
-6418
-146
31
-1427
5991
4325
-4494
927
-7230
-1995
-6255
4925
-7411
-1526
-1210
-5158
7345
-7085
-4553
7791
2594
2423
-4741
3087
-1490
4928
-567
1518
3331
5986
-1446
-4555
-1878
1838
3608
5471
5454
3556
-1447
1758
-4962
-830
4609
-8245
499
-254
-1215
7870
-7240
3977
-541
4967
-2150
-5014
-6372
-3100
4241
2474
2167
2657
3803
-7252
820
-2473
-1260
677
3685
2113
793
1181
-8974
1315
143
2014
1758
2681
4888
-3712
-6100
4888
-1071
-463
667
8554
-964
-2090
2064
-2112
-204
302
-233
1192
-4691
-4394
7368
3697
2093
2628
-160
1608
-2954
-541
-31
1872
-4479
2103
-5038
-2024
-2874
-3315
3829
5805
2475
859
1636
-1247
1488
-3279
-7082
-1215
2540
-4353
1142
-4096
-6557
-1857
-1204
7791
-6911
1025
-4096
532
-3735
793
1163
3803
-2030
1163
-4551
-430
-430
-1954
-134
-911
4976
-2147
7368
5556
874
-1684
277
-2025
1248
5532
4171
4609
-2147
2257
1638
4786
861
-3670
6768
-2567
-3670
-4388
1337
-4040
-4768
946
4399
402
3829
-4816
2186
1797
818
4976
6218
-242
-1649
-5446
6499
3782
-1649
1244
5120
523
677
4559
-660
194
-702
-3550
-7240
1990
1244
2922
-4584
8049
-3279
1732
438
-6721
499
-2904
156
-3331
-8245
2813
1308
-1588
-107
674
-7099
4484
1035
-3264
814
327
716
-3314
949
1822
-1427
-7238
-6392
3394
1828
-4553
973
-254
-8559
-2524
-3040
-4094
1314
-2910
3920
-1874
212
793
1440
4226
219
3921
2537
1051
-1247
-2551
2777
-1044
2537
-490
1550
7425
-2996
3331
-5503
-298
-2496
2572
402
-7240
-884
-185
3424
-2716
3778
-1036
-2096
1035
-295
380
4980
-6338
6499
-190
-6050
-671
310
-4374
-5446
2557
-1760
-3798
-147
-5337
503
4925
7070
5682
-8
5120
-5078
3920
-6951
5614
1337
-4681
5840
531
438
-3692
7655
-254
1376
-6104
4632
6218
-490
-2387
-1454
-3692
1724
6551
-2858
-3314
2718
-2623
585
4976
-5149
-2090
2056
302
5946
-4846
-134
3803
-473
-6234
-2150
-7622
-2039
-6196
-1490
1785
3743
7425
1037
-4688
-2716
2461
434
7612
3308
5471
4171
-2404
1758
3224
523
7364
-7335
674
5101
-3847
-629
-2937
-2496
-7082
-899
-4040
194
39
1838
-567
2537
-1204
1990
-2925
-794
-676
4868
156
-2672
4632
-2937
-2140
7370
1324
-1618
3082
-6605
5856
2233
1570
-107
-3418
3107
835
4171
6091
6499
-2246
-6911
-27
-1952
3358
-7411
946
-4374
1502
3608
-146
6336
-204
-2754
1608
-4138
5275
-7581
1324
333
2026
-2424
1150
-1447
-4191
-6392
4786
-6338
110
5856
1829
-124
-4688
2347
2329
645
-4495
2557
-173
506
-6605
-940
-353
6499
-473
212
4019
946
1376
9206
330
-50
-7122
7425
677
-706
4967
6136
-6774
-1717
8503
-1207
-5728
2793
7612
4268
-84
2126
3270
2572
-2155
-7082
3986
1394
2777
8068
-2128
861
1536
2423
-7238
2440
5840
-185
6793
-570
-1298
3762
-541
-4571
5047
6699
-7206
4496
1838
6670
-474
6902
7671
-146
-2573
-7099
1220
949
259
327
-1588
-4031
4978
-4794
6818
-4217
2540
-4859
-1546
4047
3462
4068
-4755
946
31
2250
793
3556
-362
-1374
-7240
1376
423
5047
-1649
2997
-270
2383
-4551
2129
2422
5069
-2716
-1372
1638
6429
6336
4925
-6234
6336
-8559
-5265
-2925
1382
-7767
-222
20
-1188
4399
-4479
-596
2805
-4794
-4853
16
-1090
-2387
1570
-5337
6429
-4233
-484
-7206
-1000
5873
-190
6091
1315
738
3629
2103
3331
2511
4019
-6164
1550
-1917
5550
2461
7097
1555
6808
-178
-3063
-3268
-4439
5265
-908
1555
6768
-498
143
5642
194
-2039
-2456
-2937
1314
3524
973
-902
-3792
655
-3670
3633
874
-1177
-1428
-7238
526
423
143
-3830
-5416
6160
-8
1562
-2419
-1515
-6676
-5184
4928
-1247
9
-1193
-463
-1627
-6257
-6676
4980
-1954
-182
7345
-4439
-1204
1008
-3264
-7125
3778
3308
-3100
-1044
-1546
-178
1583
-4374
-7994
-564
-1896
1176
1283
2557
-2858
-3714
2312
-7252
-3264
-25
4786
4332
4888
9
-2404
823
-4507
4976
-7709
4379
-7085
1025
-2246
2423
-2716
927
4047
-2456
3803
-5096
31
820
4253
3685
5271
5547
9
-3040
-1247
-1618
-3847
2233
327
7612
-541
6160
4157
818
-1068
3540
7425
499
4609
-5567
9206
1440
-2910
-3626
-3626
-1576
-4515
1440
-3279
2707
-1631
380
-473
1584
-1729
-6050
-4691
-4196
-1428
-295
6190
1308
8326
-720
2718
-3618
-2155
5271
-370
6336
-2039
3606
674
-4138
1319
-306
-1446
2576
6793
-6139
-4096
-1759
-2184
2312
5845
2557
4776
5873
-1044
6808
8511
1739
-490
-3963
-1563
1822
2339
7336
7134
-4196
8160
5120
-7206
3610
6872
1602
-2747
-7125
3835
-2827
6551
2511
-6519
4037
946
3685
1220
8769
-2573
-1605
3977
4980
1025
1244
1181
-7082
-1546
2777
-2954
531
9
6328
1163
-242
1772
2793
4800
7345
4236
-6912
8078
-2567
1192
-6308
-31
-2716
423
-5184
-541
-1938
-676
-1166
-5498
5550
-1717
-1465
-4217
9206
1872
1938
-2925
-6162
3345
923
2628
4967
-2025
-2803
-1454
7748
4379
818
-4688
-593
-593
3462
-124
-2246
-1917
-7206
-2025
2790
495
-4962
-1447
-3447
5126
7748
-147
4925
-1022
1325
-3482
-801
-4394
1724
-3063
-1930
-5673
5556
-5165
4604
2014
-2184
-160
-996
7336
-6164
-8559
-695
-6162
-1608
-484
-8559
-3219
2540
-5846
1838
2688
-160
-902
523
7655
-6234
-6951
-7994
7134
-3219
-4479
-4816
-173
8049
6615
2339
-2424
-5096
2813
-2719
8488
5716
-1036
-1427
-801
6718
-4726
4496
1197
-4040
-564
3345
1584
299
212
-593
3089
5991
1518
-1729
5196
-3314
946
-3847
-3315
-3868
585
-2646
104
-1649
550
31
2537
7368
3374
-525
-185
-2937
-3626
-4859
793
-3735
-1649
1607
9671
-7240
2014
-6372
-305
-222
1638
531
-1215
8078
1163
1325
2360
-1636
-2039
6429
-140
2129
-182
1518
3743
5120
5946
7233
-224
-4553
1739
1845
-4096
-182
2019
1130
3053
362
738
2397
5323
-1954
3324
-50
-2742
-4439
8488
-1930
-7230
299
-173
-431
1583
-3315
-2912
2186
7498
-1938
-25
-4217
-31
1488
-567
-4196
-5595
-173
5285
-222
-2551
-2562
-3692
526
5323
423
-2424
-4508
7336
6499
-3447
2628
-4859
6783
499
-190
7013
-843
-7767
-1627
-27
-3963
4468
5614
2423
-2935
-6912
-564
-4691
823
1192
2889
657
5126
9070
1562
-4576
-2874
3563
39
-1521
7282
5716
-4196
5946
6336
3284
-4768
3082
-50
3224
-1931
1518
-272
8014
2961
983
1590
1150
3394
438
-3510
1244
4047
3358
1605
-1629
4241
-1967
669
1319
793
-2462
3950
1365
4496
1192
4127
-1605
-3547
2475
-1044
-5184
-1857
4226
3308
6902
-6162
2132
-1857
7612
2397
6667
-1649
-2874
640
3574
-5713
-7230
-2466
-3190
-2232
-2464
-3968
469
-6257
1732
5847
-134
3087
-6988
7671
3743
1817
-2209
3284
-3279
4489
-2571
302
1605
5704
6011
4210
6670
6218
-5533
5845
920
3986
8511
-31
2312
585
-3331
3563
-2962
1379
5704
-4741
-801
1838
2657
1051
-1588
-706
-2096
5101
-2464
-4016
4268
-1667
3053
-988
117
793
-1917
1570
-1605
-5158
-3976
-1044
-134
2416
3345
1337
-689
6852
1035
5790
3921
-773
-594
-1760
2416
-4031
2397
-84
-5165
3284
-5265
-988
3367
3845
1938
7655
-1298
6354
1990
-4096
330
891
-7913
3610
-4859
6615
3374
-3830
-2747
-5416
5196
-6255
499
2537
7134
-6015
299
-676
-2716
2026
-1374
5887
1838
-3968
2014
4675
5840
1502
861
-541
550
1829
-25
-190
1308
20
3224
-4794
1829
-2496
-3482
-3792
4399
1244
-1629
6818
4980
1382
-7240
438
1932
-570
-4323
2511
-3609
219
39
4786
4965
1550
-1044
9
-6802
3170
-6721
-2962
-1428
-706
259
5484
-1447
-1022
-1374
859
8769
-1742
-2904
-4688
-4040
-2155
1283
-6951
2557
-6050
-4507
8160
-4201
1638
-3695
1387
673
2272
-4479
-7206
-1954
674
1639
4171
242
-4374
1365
-3447
3087
-4816
-6338
2484
-1177
-2910
1518
7233
5069
-2433
3920
503
-8
-7011
-2404
2537
-2473
1872
-5474
-5595
1283
-689
-2754
2186
-852
1536
6768
-2562
362
-6802
3585
7671
-988
-484
-1298
2465
-1753
-1967
696
-25
5991
2594
2628
495
2461
2212
-473
-594
-3219
3685
-4766
6136
-2816
5285
-3618
-7335
-185
-627
-2452
3921
-431
-3714
-484
-596
1119
-3314
-2150
6500
82
-3836
1192
-2742
-134
-702
4776
-3264
4068
-270
4210
-1073
3540
2257
-553
-2573
-899
-2937
-964
5532
-5096
-6308
1451
6910
677
-629
3782
-4439
-4571
4068
3585
1785
2054
946
-1490
6667
-1938
-618
554
143
4226
-153
4604
3803
946
-4816
-2623
688
-3331
547
2594
3285
-474
3937
-4962
6354
818
2056
-884
4531
2805
3743
2422
-146
1197
-379
3829
434
-629
1348
4127
1583
-1694
-2742
1724
1154
-7048
1360
1319
-1917
-3960
-2419
-1558
2461
3394
3556
-4353
1283
5101
2674
8160
2360
-2688
-4415
-6951
277
176
6336
94
1021
-6951
823
-68
-1586
-2716
4676
-2464
-3868
517
-6392
6783
-190
2233
1119
2257
5045
-1649
1990
4325
-4688
-3100
-4495
7155
-2404
-2468
585
-6833
-1694
-4174
362
-2464
194
499
-5629
-1588
2440
6808
-3929
2889
9206
-306
4236
-2128
-6100
-1878
-3279
4559
3685
2698
-3714
1822
-1760
-160
-6721
402
1360
-4386
3010
-2025
3608
-676
5454
-3695
-5392
-2567
5047
-7011
-2956
143
-1207
-5096
4565
1638
-3732
-884
-3868
2793
496
4675
3610
-676
2014
4559
-2404
1192
2272
793
3829
1583
5428
4019
