730
-900
284
48
-189
760
194
456
-15
-641
-153
-127
-143
410
319
188
305
-429
85
267
338
-388
-540
318
-71
-94
-209
77
132
589
276
262
-37
-228
672
460
-739
367
116
-764
0
417
-725
-574
-170
-400
-350
573
525
443
415
3
810
-110
-502
146
-743
158
31
-357
-396
169
-471
553
-510
-400
113
-780
-456
33
428
645
-141
-432
-154
-53
-543
-210
-516
-526
-110
-664
-279
236
302
246
201
66
-511
386
-336
43
-79
302
-98
-639
-114
-894
-15
60
-550
303
674
412
-516
330
555
-237
-80
-386
-696
104
-3
-726
67
72
-200
533
553
-9
-47
-500
-386
186
302
-418
-11
-264
213
441
371
535
611
340
693
396
-554
-730
-261
416
287
-38
-493
536
-314
-665
138
376
403
149
347
73
-32
-514
-4
-95
447
123
-421
-61
-330
-243
242
-391
321
-205
47
-710
86
798
-547
-77
-617
-44
523
-153
-140
314
-268
-30
514
-46
-92
0
-781
81
-237
-605
230
-535
-139
442
-104
-594
22
111
-769
212
68
-633
-556
-82
-62
-907
760
511
-126
581
-236
-172
451
324
951
87
-323
-445
-93
-685
-69
499
-214
118
226
822
-257
-408
70
-73
616
-369
-187
-541
-488
622
-727
-313
-328
-615
-673
575
-44
-134
-139
419
531
-203
600
-441
423
-140
-131
204
171
57
-30
160
514
545
263
-465
703
-208
228
-778
-784
-762
-215
-77
-121
-359
448
351
-111
-20
61
613
-225
-194
551
123
863
-32
541
567
-523
38
-860
-515
-128
240
445
-570
264
406
-243
176
-383
186
-242
250
508
-4
-525
-739
-33
277
453
69
816
73
217
-373
313
-534
44
464
263
604
-735
-175
428
-717
316
397
-154
-55
219
-13
-554
400
-21
156
366
377
675
-641
-17
393
-171
449
14
-577
-10
187
-615
347
-424
-285
400
276
115
-273
195
304
687
-118
341
409
-65
-657
-358
515
-42
-650
-211
-81
618
-661
-219
651
-55
750
520
366
-191
-504
-528
16
608
739
-145
795
-488
-96
213
-384
-448
34
-30
360
218
541
-268
-150
-667
226
873
-67
443
0
201
144
-499
-60
-777
401
505
178
301
206
58
-571
-81
-533
38
753
479
663
704
480
-186
-687
-284
341
-808
194
87
-423
-323
455
362
776
-328
-153
-172
258
-244
-232
-705
-194
-62
257
-107
-174
-14
10
-315
69
657
-111
-456
-344
440
-137
193
342
17
-327
395
-230
178
133
-706
-874
-43
-290
389
584
37
-618
-568
-341
-18
-129
235
148
-193
-793
57
266
990
266
487
87
-288
273
-864
223
-126
426
17
-592
419
278
380
169
-174
346
248
-346
-455
100
816
-496
-11
-175
603
-194
-124
-417
465
278
603
-37
-309
-41
365
-558
-289
-427
886
-803
-237
303
-511
810
-496
-219
-75
210
-84
-101
522
362
383
-41
-592
383
366
-29
645
-197
-118
325
-59
-109
398
226
174
-642
-856
-516
295
-614
-61
38
871
-760
-677
154
18
-247
-483
-662
-501
252
35
-66
-247
-246
-191
673
760
72
-740
-782
197
-264
0
420
-335
-620
-91
-612
283
593
641
156
18
-665
264
-474
-286
358
-629
-914
-8
785
293
-685
-667
-53
373
162
-180
598
-574
-368
631
-80
700
484
622
-233
-76
669
266
509
35
21
-197
-727
-720
67
383
89
-903
815
601
-269
-199
454
746
-108
-12
-40
-598
-805
-331
668
-1
288
-14
392
-715
361
351
621
-559
-301
-8
-208
242
328
77
-852
-486
259
-519
359
847
0
-43
118
185
-51
-15
-211
-371
311
-183
-149
273
-92
-740
475
669
422
52
-486
-342
-119
-774
355
-70
350
141
-602
-63
-375
-363
61
67
482
-35
229
-246
-407
-236
75
283
-542
273
690
313
134
181
475
319
65
428
-168
266
101
-210
-962
-9
-98
-431
281
718
12
43
478
142
69
133
764
234
110
102
-794
-767
-372
-321
155
-199
-301
113
-147
-59
426
-274
398
215
-372
-157
12
390
461
176
-652
580
-294
81
171
-589
268
-419
104
-787
-269
-37
257
575
888
-697
-329
-182
220
-87
232
-114
-6
-612
620
621
228
52
-116
-266
245
-589
-653
12
-267
84
-12
710
-529
23
384
396
-391
-33
-596
449
-127
-172
438
120
329
-115
-151
-255
-221
317
154
791
-354
14
274
227
-451
3
285
-255
72
-215
-172
320
-205
-414
509
578
-542
-12
-855
393
169
-151
-851
-141
140
696
234
66
-468
-754
193
-340
665
-206
-638
-143
-111
-343
220
38
-828
273
-609
408
-152
-283
488
-88
-171
-149
-227
-157
261
277
755
-545
718
713
-125
-120
-518
25
61
-400
-484
231
-231
-37
157
-462
278
-216
-792
614
-225
262
-454
262
-76
-49
232
812
824
235
-332
-207
-163
-660
-178
661
-97
-774
-80
143
317
199
279
273
-688
734
289
320
-400
-91
-508
-172
97
431
-85
453
197
67
367
491
-570
822
-593
-225
-754
473
-320
-662
-857
495
270
394
94
523
-145
-400
11
-97
151
302
455
-131
-250
211
183
-352
-526
187
346
66
159
330
-457
359
631
-149
-166
-526
371
31
935
-199
-26
-168
171
-406
-517
-223
351
-610
-727
-141
-675
-195
25
-385
-4
781
734
-379
198
-270
9
-365
99
-468
220
-609
102
-162
42
276
-263
581
487
-95
-179
