950
941
925
901
896
892
887
878
874
853
850
848
840
839
839
834
834
830
809
806
805
803
801
796
795
793
788
788
785
775
767
762
755
754
752
751
748
748
743
741
740
739
739
727
724
712
712
711
707
703
699
692
689
689
688
685
680
679
674
669
668
664
661
661
656
654
653
651
651
648
647
646
641
639
635
626
622
620
617
608
607
607
606
605
603
601
601
601
600
599
599
590
590
590
585
578
577
575
574
572
570
567
567
566
564
562
556
554
553
543
541
541
540
539
538
534
534
530
525
514
514
513
513
511
510
506
506
505
502
502
499
499
499
499
498
494
490
490
489
489
489
489
484
484
482
478
473
473
472
472
471
467
467
465
462
457
455
454
452
452
451
449
445
445
443
442
440
438
434
431
430
429
428
428
428
427
424
422
421
420
419
416
415
415
414
413
412
410
409
407
407
405
402
401
397
395
394
394
393
388
385
384
384
384
383
382
381
381
379
379
378
376
372
371
370
367
364
363
362
362
361
361
361
358
358
358
356
355
352
352
352
351
349
348
345
342
342
341
341
337
336
335
332
332
329
328
326
323
322
318
318
317
316
314
311
311
311
308
308
308
306
302
298
297
296
295
293
291
291
285
284
284
284
283
280
279
277
275
273
271
271
270
270
269
269
267
265
263
259
259
258
257
257
256
256
256
255
254
254
253
253
246
244
241
240
239
232
232
231
229
226
224
223
223
222
220
219
219
218
216
215
214
213
212
209
209
208
206
205
204
202
200
200
199
197
196
196
196
194
190
189
189
188
188
186
186
185
183
182
182
179
179
178
178
175
175
173
173
173
171
170
170
170
169
168
162
161
161
161
161
161
158
157
154
153
151
151
150
148
148
142
142
141
141
140
139
138
138
136
135
135
135
134
131
130
129
127
125
124
123
121
120
118
118
118
117
117
114
113
110
110
110
109
109
108
107
105
104
103
101
100
97
95
92
91
90
90
90
90
90
89
89
88
85
78
77
76
75
72
70
70
69
69
68
67
66
64
63
62
62
58
58
57
57
57
56
56
55
55
52
52
50
49
48
48
44
43
42
40
40
35
34
33
33
33
32
32
31
29
29
29
28
28
26
25
23
20
19
18
17
15
15
12
12
11
10
9
9
8
7
6
6
6
3
0
-3
-3
-3
-4
-4
-4
-5
-5
-6
-7
-7
-8
-9
-10
-11
-11
-11
-15
-16
-16
-16
-16
-17
-17
-19
-19
-19
-21
-21
-21
-24
-26
-26
-28
-28
-29
-29
-29
-29
-30
-32
-32
-32
-34
-35
-35
-37
-38
-39
-40
-41
-41
-41
-41
-42
-45
-48
-50
-50
-50
-50
-51
-52
-52
-53
-55
-55
-55
-56
-57
-59
-60
-60
-61
-64
-65
-66
-66
-67
-68
-70
-72
-72
-73
-73
-76
-79
-80
-82
-82
-83
-85
-85
-85
-88
-89
-90
-93
-95
-96
-97
-98
-98
-99
-102
-102
-102
-104
-104
-104
-105
-105
-107
-107
-108
-108
-109
-110
-111
-113
-113
-113
-114
-117
-117
-119
-119
-119
-121
-123
-123
-123
-123
-126
-132
-132
-132
-134
-134
-136
-137
-138
-138
-138
-139
-141
-141
-144
-147
-147
-149
-150
-150
-152
-152
-152
-153
-155
-156
-156
-160
-161
-163
-164
-166
-167
-170
-175
-175
-178
-178
-178
-183
-183
-184
-184
-185
-185
-186
-187
-189
-190
-192
-193
-194
-194
-197
-200
-200
-201
-201
-202
-203
-203
-204
-207
-207
-208
-208
-209
-210
-213
-213
-214
-214
-215
-217
-217
-227
-228
-232
-233
-233
-233
-233
-238
-240
-241
-245
-245
-245
-251
-252
-253
-258
-259
-259
-260
-262
-263
-265
-268
-268
-269
-269
-270
-273
-275
-276
-278
-281
-281
-284
-285
-285
-286
-287
-287
-291
-294
-294
-298
-299
-300
-300
-301
-302
-303
-303
-304
-304
-306
-311
-312
-312
-318
-319
-320
-321
-324
-326
-329
-330
-331
-337
-341
-341
-346
-347
-347
-348
-348
-349
-349
-351
-351
-351
-352
-352
-355
-356
-356
-356
-357
-357
-358
-358
-359
-360
-360
-362
-362
-362
-366
-369
-373
-373
-373
-379
-381
-385
-385
-388
-389
-390
-392
-393
-395
-396
-397
-398
-405
-405
-406
-408
-410
-410
-412
-413
-413
-416
-421
-422
-422
-423
-423
-425
-434
-434
-437
-437
-437
-438
-441
-446
-446
-447
-448
-449
-455
-456
-460
-462
-464
-465
-465
-469
-470
-473
-473
-477
-481
-482
-484
-484
-485
-486
-486
-489
-491
-492
-494
-496
-498
-498
-498
-502
-502
-505
-506
-509
-510
-511
-514
-516
-518
-519
-522
-527
-529
-532
-533
-533
-538
-541
-542
-542
-548
-550
-553
-553
-554
-556
-558
-558
-558
-562
-562
-563
-564
-566
-567
-568
-570
-570
-572
-573
-574
-584
-593
-596
-598
-603
-604
-605
-616
-617
-618
-619
-621
-623
-625
-626
-628
-629
-633
-633
-634
-636
-643
-645
-646
-648
-652
-658
-662
-667
-669
-676
-677
-688
-688
-699
-702
-708
-716
-725
-731
-734
-734
-745
-746
-750
-752
-754
-755
-755
-755
-755
-769
-772
-779
-780
-784
-785
-807
-808
-810
-811
-811
-811
-815
-829
-829
-837
-845
-860
-870
-871
-873
-878
-890
-909
-944
-945
