-965
-958
-957
-930
-903
-897
-887
-878
-867
-864
-863
-856
-856
-846
-844
-838
-832
-830
-806
-803
-800
-784
-782
-774
-772
-768
-768
-766
-763
-757
-752
-750
-748
-746
-743
-737
-736
-731
-731
-725
-724
-723
-720
-720
-719
-716
-712
-711
-707
-705
-701
-698
-694
-687
-687
-686
-685
-684
-684
-680
-680
-677
-673
-672
-670
-668
-663
-660
-651
-649
-648
-644
-642
-638
-638
-631
-629
-629
-627
-625
-625
-621
-619
-619
-618
-616
-608
-604
-604
-604
-603
-600
-597
-596
-595
-594
-583
-582
-581
-580
-579
-579
-576
-573
-571
-564
-559
-558
-556
-556
-555
-554
-553
-550
-548
-546
-546
-545
-544
-535
-533
-533
-531
-529
-528
-526
-525
-524
-523
-523
-519
-518
-517
-508
-506
-505
-503
-500
-496
-495
-492
-491
-489
-489
-487
-482
-480
-479
-479
-478
-475
-472
-461
-461
-461
-460
-449
-448
-447
-444
-434
-433
-432
-429
-427
-424
-423
-420
-418
-418
-418
-416
-413
-412
-412
-411
-411
-407
-402
-401
-400
-400
-398
-395
-394
-392
-392
-389
-382
-382
-380
-380
-379
-378
-377
-375
-374
-371
-368
-368
-367
-366
-363
-363
-363
-363
-361
-358
-357
-356
-354
-350
-349
-349
-349
-345
-344
-343
-343
-343
-339
-339
-339
-339
-334
-334
-332
-332
-332
-331
-327
-326
-325
-325
-322
-320
-319
-318
-318
-315
-312
-307
-307
-307
-306
-305
-302
-300
-299
-298
-298
-298
-297
-297
-297
-295
-292
-292
-287
-284
-281
-278
-277
-277
-276
-275
-274
-272
-271
-269
-269
-268
-264
-262
-260
-258
-256
-256
-255
-254
-254
-246
-244
-243
-243
-241
-240
-239
-239
-238
-235
-234
-234
-233
-231
-230
-229
-227
-227
-226
-224
-222
-222
-220
-218
-216
-214
-213
-212
-211
-209
-206
-204
-203
-202
-202
-200
-199
-199
-199
-199
-197
-195
-194
-193
-192
-192
-192
-191
-191
-187
-184
-183
-183
-182
-182
-182
-182
-181
-178
-178
-177
-177
-176
-174
-174
-173
-171
-170
-170
-168
-168
-164
-164
-162
-161
-160
-160
-158
-158
-157
-157
-157
-157
-153
-152
-151
-150
-149
-149
-147
-145
-142
-141
-138
-137
-134
-131
-131
-130
-128
-123
-117
-116
-116
-115
-114
-113
-112
-111
-110
-109
-109
-108
-107
-106
-104
-104
-103
-103
-103
-103
-102
-102
-99
-99
-98
-98
-97
-96
-95
-93
-93
-92
-90
-90
-89
-88
-87
-85
-85
-82
-75
-73
-71
-71
-70
-67
-65
-64
-63
-62
-61
-61
-59
-58
-58
-57
-56
-56
-54
-53
-52
-52
-52
-51
-51
-51
-50
-49
-48
-48
-47
-47
-47
-46
-45
-45
-43
-42
-42
-42
-37
-36
-36
-35
-33
-32
-32
-31
-31
-30
-29
-28
-26
-25
-24
-22
-21
-19
-19
-17
-17
-17
-15
-14
-13
-12
-12
-12
-9
-7
-6
-3
0
1
1
1
3
3
3
5
6
6
9
9
9
10
10
10
10
11
11
12
12
13
14
14
15
16
17
17
19
21
22
24
25
27
27
28
30
30
32
34
34
36
36
38
40
42
42
43
44
45
46
48
49
50
50
51
52
53
54
56
57
58
59
60
62
63
64
64
65
66
67
68
70
72
73
74
75
82
83
88
89
89
90
91
91
94
94
95
96
96
96
96
97
97
97
97
98
101
102
102
103
104
105
107
107
107
108
109
112
112
112
113
113
117
118
118
119
120
120
121
123
124
127
127
129
129
131
134
135
135
137
138
140
140
140
142
142
143
143
145
146
146
146
147
150
151
153
154
155
156
156
157
158
160
162
163
164
165
166
169
171
172
172
173
175
176
179
181
182
182
183
184
184
185
186
187
190
193
195
195
197
198
200
201
201
202
202
205
205
205
207
207
208
209
213
214
214
215
215
217
221
223
223
224
225
227
229
232
235
237
238
240
240
241
241
241
242
246
249
250
250
257
257
258
263
264
264
271
273
274
274
275
277
278
278
279
284
284
293
293
295
296
297
297
300
301
301
301
301
303
305
305
306
307
308
309
311
311
313
313
313
316
319
320
320
322
325
326
327
327
330
332
332
335
337
342
342
342
343
346
347
350
350
350
352
354
354
355
355
356
358
359
359
360
361
361
364
364
365
368
368
374
375
375
376
378
383
384
386
386
387
388
388
389
391
392
393
393
393
396
397
400
403
405
407
408
408
410
413
413
414
417
418
421
423
424
424
424
429
432
434
441
444
445
447
451
453
454
454
456
457
460
461
462
464
465
467
470
470
475
476
479
480
481
487
489
489
490
492
492
494
496
496
497
500
500
503
506
508
508
508
511
514
514
516
517
523
523
524
527
529
533
539
540
542
547
549
549
552
556
556
557
557
557
559
563
568
568
568
570
572
574
575
578
580
580
583
585
587
588
591
592
595
597
599
601
607
618
620
622
623
625
625
627
627
634
635
638
643
644
647
647
648
655
659
659
669
672
675
677
678
678
682
685
690
691
696
699
700
702
703
706
721
722
727
730
738
741
743
744
745
747
755
758
758
762
768
768
769
776
778
784
789
795
799
801
815
820
820
823
835
847
848
855
855
856
861
865
884
886
886
910
934
935
964
965
